0.814899
0.276096
0.221976
0.563962
0.658879
0.687034
0.668615
0.772116
0.647468
0.601952
0.502574
0.752744
0.574214
0.0286544
0.753617
0.625458
0.785894
0.806281
0.621001
0.692505
0.44834
0.373276
0.810668
0.399466
0.585626
0.682393
0.567455
0.691136
0.580975
0.77637
0.669186
0.742725
0.724461
0.623824
0.747399
0.651242
0.72651
0.652253
0.685709
0.627117
0.57081
0.529989
0.650265
0.645729
0.805631
0.541022
0.784909
0.61298
0.668034
0.169944
0.656711
0.663522
0.575183
0.679248
0.525442
0.724797
0.66757
0.574038
0.480481
0.640423
0.714734
0.703568
0.763283
0.623758
0.789229
0.34158
0.554805
0.160238
0.271913
0.5974
0.662779
0.744001
0.464779
0.77815
0.601585
0.639855
0.730125
0.671771
0.615705
0.630907
0.625263
0.489246
0.585195
0.479305
0.670069
0.632061
0.660012
0.663219
0.758982
0.820736
0.792097
0.671619
0.78982
0.655313
0.755139
0.800216
0.794621
0.716437
0.655167
0.3295
0.49098
0.659254
0.666553
0.728498
0.742513
0.515574
0.848271
0.755502
0.746516
0.62049
0.58253
0.291156
0.648132
0.52525
0.614307
0.528293
0.668963
0.715177
0.758614
0.736252
0.44233
0.694754
0.59409
0.797309
0.352513
0.812867
0.746795
0.648538
0.808737
0.739778
0.504303
0.743875
0.793778
0.649127
0.535584
0.637439
0.812286
0.746648
0.615385
0.599656
0.636387
0.778286
0.832937
0.620949
0.429135
0.556828
0.585676
0.78783
0.633946
0.495546
0.638878
0.468869
0.781006
0.677891
0.66184
0.652433
0.744901
0.606958
0.720925
0.55756
0.709238
0.649457
0.641438
0.713903
0.777029
0.555781
0.653807
0.376839
0.846953
0.712561
0.624801
0.671927
0.670927
0.718498
0.782194
0.74179
0.61314
0.748089
0.736212
0.704485
0.814788
0.672668
0.506256
0.674587
0.453114
0.715711
0.61458
0.580056
0.629908
0.713012
0.632449
0.657804
0.632668
0.713326
0.643606
-0.0100785
0.577823
0.686737
0.774956
0.595997
0.656538
0.631468
0.592092
0.578215
0.655932
0.759369
0.804769
0.689365
0.563472
0.740683
0.693762
0.732616
0.688644
0.73308
0.792754
0.7681
0.410086
0.663113
0.404801
0.719936
0.843147
0.704423
0.511879
0.771112
0.635714
0.647684
0.764594
0.722412
0.677975
0.648194
0.707964
0.616461
0.422801
0.459369
0.699848
0.805042
0.629579
0.714874
0.611734
0.556899
0.573639
0.580584
0.675446
0.786948
0.8021
0.745616
0.394914
0.722177
0.763973
0.630193
0.463658
0.226531
0.513534
0.611087
0.58332
0.73104
0.65438
0.649118
0.796017
0.753524
0.613861
0.715652
0.558587
0.54341
0.569366
0.520586
0.836859
0.739932
0.593102
0.770843
0.739797
0.729429
0.677597
0.725256
0.708409
0.634832
0.682917
0.775685
0.542918
0.752317
0.457134
0.758233
0.813164
0.79168
0.744302
0.658199
0.92067
0.766313
0.627389
0.771568
0.760563
0.750916
0.338404
0.672711
0.472928
0.848968
0.507224
0.618955
0.714135
0.63509
0.68191
0.671249
0.628315
0.730142
0.79998
0.539589
0.708471
0.672709
0.76128
0.584937
0.868877
0.615198
0.866882
0.593449
0.678907
0.567519
0.733068
0.666558
0.736983
0.666159
0.618388
0.779596
0.668608
0.739315
0.688661
0.774414
0.320341
0.82111
0.76301
0.683069
0.723405
0.686385
0.678244
0.724947
0.795796
0.762458
0.672754
0.675203
0.496826
0.700556
0.814255
0.664235
0.626514
0.76695
0.606769
0.517216
0.486797
0.745704
0.626851
0.746755
0.681156
0.74936
0.652381
0.488392
0.443906
0.831245
0.693722
0.679071
0.749361
0.711553
0.72445
0.672253
0.708016
0.639431
0.651477
0.452741
0.651278
0.424213
0.43652
0.720483
-0.127118
0.70751
0.659014
0.567521
0.666865
0.634867
0.725321
0.791924
0.705768
0.856951
0.742792
0.689151
0.724133
0.719182
0.737371
0.55957
0.613163
0.562483
0.59054
0.402142
0.489629
0.713121
0.607932
0.308973
0.725391
0.747266
0.542435
0.682746
0.685796
0.752531
0.826318
0.701715
0.720515
0.645051
0.722073
0.737979
0.710027
0.616068
0.689683
0.737223
0.669961
0.567389
0.832186
0.601064
0.609875
0.680159
0.576611
0.604181
0.635275
0.675135
0.777376
0.785188
0.689813
0.654512
0.748347
0.661907
0.574676
0.501805
0.676769
0.730784
0.695214
0.732301
0.355216
0.690658
0.463865
0.586833
0.510598
0.530981
0.649382
0.630294
0.694674
0.799322
0.563425
0.646867
0.804153
0.662481
0.669302
0.716782
0.477604
0.677134
0.767825
0.673757
0.669907
0.538864
0.729594
0.729682
0.728828
0.703938
0.704542
0.64095
0.630619
0.376503
0.581104
0.508645
0.819731
0.687304
0.543755
0.720824
0.594067
0.725072
0.565663
0.605607
0.667066
0.70111
0.656578
0.695193
0.523105
0.520759
0.665005
0.768997
0.561097
0.783283
0.519531
0.594704
0.763022
0.353346
0.731563
0.645782
0.777257
0.646179
0.60613
0.673804
0.429782
0.730416
0.615641
0.742947
0.599696
0.557661
0.717355
0.723449
0.59384
0.820922
0.460681
0.657459
0.709449
0.657489
0.356613
0.671289
0.457903
0.692337
0.542844
0.668873
0.640269
0.656494
0.632127
0.740585
0.753978
0.794484
0.563748
0.600192
0.584053
0.680933
0.701471
0.74441
0.607718
0.61176
0.561581
0.66854
0.761667
0.6893
0.572623
-0.0649717
0.727713
0.700455
0.829433
0.512099
0.734959
0.799037
0.661111
0.572179
0.820025
0.77101
0.54057
0.684635
0.76488
0.517241
0.571362
0.689818
0.78714
0.538898
0.610123
0.69765
0.51283
0.632942
0.641929
0.833159
0.721373
0.658086
0.520921
0.571441
0.777376
0.555545
0.606908
0.538778
0.734399
0.790271
0.705375
0.702268
0.655808
0.60847
0.709047
0.582716
0.647751
0.679322
0.630094
0.626512
0.483316
0.545747
0.550724
0.750892
0.752002
0.684862
0.651154
0.593898
0.712743
0.692419
0.635989
0.805901
0.653851
0.598525
0.230742
0.632513
0.69301
0.646277
0.863538
0.67554
0.578751
0.316942
0.685348
0.700322
0.486876
0.442841
0.76949
0.579097
0.752871
0.764417
0.660377
0.734317
0.686654
0.516352
0.479327
0.649543
0.395986
0.517378
0.810372
0.76633
0.731979
0.622561
0.595938
0.707025
0.322289
0.744206
0.650941
0.712757
0.744877
0.627387
0.427924
0.766652
0.681314
0.69071
0.561893
0.772261
0.65395
0.391176
0.498097
0.704753
0.818139
0.455302
0.827756
0.65879
0.631216
0.695087
0.626528
0.625803
0.681028
0.562891
0.504313
0.437331
0.702542
0.479328
0.63529
0.351746
0.491595
0.718061
0.627629
0.637034
0.667407
0.514
0.615752
0.41426
0.565656
0.597934
0.78531
0.767221
0.451305
0.840988
0.726647
0.67932
0.672985
0.613308
0.660836
0.591379
0.624267
0.752866
0.745778
0.688507
0.572028
0.724648
0.671317
0.592398
0.737711
0.794779
0.618205
0.502158
0.752474
0.704251
0.800296
0.783349
0.653862
0.709735
0.56784
0.716208
0.592861
0.822079
0.809163
0.511288
0.68174
0.660857
0.458286
0.802581
0.788534
0.133517
0.679678
0.758448
0.793035
0.477746
0.791854
0.648312
0.560137
0.618319
0.507563
0.734123
0.77028
0.753728
0.726149
0.579089
0.748569
0.632185
0.522046
0.136155
0.482225
0.672232
0.558498
0.652845
0.490819
0.664511
0.678695
0.6345
0.680336
0.38247
0.781437
0.771909
0.705187
0.786453
0.631934
0.805847
0.737474
0.59646
0.785089
0.801574
0.775373
0.372697
0.445588
0.671805
0.589601
0.710885
0.722652
0.763219
0.743978
0.699772
0.816978
0.409615
0.623874
0.765913
0.714203
0.487248
0.54775
0.552702
0.512428
0.584325
0.413589
0.632736
0.571164
0.555463
0.731211
0.521139
0.559075
0.637004
0.723025
0.490284
0.804761
0.818415
0.641745
0.635887
0.725666
0.728075
0.685187
0.77373
0.743988
0.772814
0.793106
0.711505
0.747331
0.656292
0.561315
0.67404
0.660658
0.54772
0.718009
0.533698
0.71949
0.7906
0.82062
0.839521
0.846969
0.692689
0.675629
0.62935
0.514548
0.582496
0.678968
0.29588
0.596511
0.797871
0.737143
0.616886
0.76257
0.0326745
0.582587
0.771783
0.690124
0.787526
0.703619
0.663189
0.730001
0.563356
0.681441
0.567552
0.617914
0.722749
0.634593
0.869161
0.80146
0.454239
0.592388
0.452462
0.589775
0.335496
0.607888
0.383545
0.701602
0.514621
0.594241
0.740093
0.710978
0.738386
0.693303
0.667421
0.563063
0.753909
0.727065
0.52723
0.831494
0.594993
0.702135
0.630639
0.562737
0.740423
0.788253
0.685108
0.776584
0.704908
0.726705
0.623631
0.754203
0.678899
0.575842
0.708719
0.742611
0.637337
0.578018
0.755481
0.669775
0.768285
0.540828
0.773574
0.799794
0.731561
0.424926
0.683758
0.446924
0.833454
0.519179
0.812568
0.771644
0.610686
0.655146
0.63548
0.608505
0.656127
0.583087
0.704175
0.437438
0.68628
0.800602
0.797486
0.64096
0.591006
0.693173
0.702433
0.763739
0.807629
0.811595
0.423099
0.576006
0.629384
0.64617
0.754629
0.808909
0.742584
0.498199
0.594156
0.773253
0.824155
0.633411
0.820368
0.118352
0.690042
0.506942
0.691338
0.651655
0.78387
0.747117
0.369495
0.747026
0.689345
0.693481
0.557714
0.572155
0.792835
0.708002
0.705165
0.491261
0.688962
0.646466
0.574649
0.674031
0.729528
0.511534
0.562517
0.621367
0.61438
0.607592
0.83648
0.640562
0.506996
0.653834
0.679166
0.713028
0.570264
0.601834
0.652833
0.702203
0.606829
0.685493
0.693071
0.394346
0.334335
0.616528
0.684955
0.585264
0.694966
0.759303
0.640651
0.660049
0.694127
0.753852
0.69503
0.606541
0.6065
0.663564
0.744825
0.672838
0.430027
0.608424
0.643081
0.671936
0.485125
0.523507
0.762252
0.776913
0.561433
0.707761
0.611118
0.689649
0.801506
0.517596
0.625039
0.342116
0.578156
0.709608
0.793647
0.0737144
0.822919
0.500654
0.679442
0.758099
0.759613
0.619956
0.728954
0.250304
0.785612
0.598173
0.672159
0.399112
0.34903
0.537077
0.635329
0.632432
0.664621
0.743414
0.579022
0.389953
0.708345
0.624418
0.782819
0.569532
0.57276
0.637352
0.352092
0.711193
0.554671
0.756662
0.488729
0.543852
0.40462
0.717187
0.75996
0.47747
0.657531
0.548762
0.729999
0.820419
0.754958
0.422084
0.685815
0.697586
0.750417
0.752886
0.601087
0.691137
0.557309
0.715445
0.661631
0.672156
0.704265
0.731104
0.619812
0.681536
0.719931
0.625599
0.409179
0.714557
0.564173
0.672038
0.816481
0.643872
0.664317
0.684903
0.550515
0.672713
0.722207
0.694887
0.559942
0.665098
0.63706
0.770396
0.681194
0.747659
0.781863
0.625851
0.780243
0.778906
0.649485
0.646712
0.633138
0.417946
0.781638
0.672612
0.726538
0.267698
0.641233
0.702494
0.497613
0.614183
0.432263
0.684114
0.60183
0.687991
0.646167
0.751426
0.693299
0.770101
0.646582
0.53167
0.664679
0.421102
0.599053
0.576379
0.491769
0.818376
0.628256
0.626451
0.850713
0.744905
0.702655
0.748457
0.694577
0.725559
0.475264
0.546926
0.634525
0.521982
0.600936
0.604929
0.459076
0.613607
0.373546
0.731174
0.752504
0.689654
0.447078
0.689997
0.413891
0.78707
0.655263
0.67108
0.490773
0.591456
0.346463
0.116417
0.806358
0.80518
0.705609
0.710382
0.714993
0.73025
0.672277
0.547001
0.637109
0.432723
0.838761
0.620759
0.812489
0.744852
0.84317
0.661358
0.694292
0.68146
0.573033
0.3119
0.712625
0.747935
0.395039
0.604473
0.337653
0.385618
0.654686
0.747488
0.593535
0.628926
0.673972
0.603381
0.709203
0.469455
0.677454
0.748665
0.774986
0.816086
0.606341
0.551341
0.499332
0.64862
0.431623
0.713125
0.795072
0.672447
0.535075
0.715175
0.638725
0.696524
0.541777
0.844311
0.679033
0.624753
0.766664
0.744688
0.65587
0.770753
0.704373
0.670332
0.734927
0.757511
0.692556
0.751313
0.704821
0.503723
0.685705
0.716405
0.732259
0.584244
0.7277
0.321922
0.66369
0.742289
0.786983
0.704404
0.578613
0.729126
0.674582
0.766744
0.59492
0.722357
0.673188
0.469627
0.591085
0.734612
0.726344
0.727431
0.616185
0.728344
0.664851
0.545234
0.510731
0.753746
0.659901
0.542629
0.762539
0.507246
0.754901
0.591144
0.783385
0.722716
0.55959
0.539928
0.676522
0.617117
0.755539
0.636344
0.486535
0.812917
0.569697
0.461176
0.610142
0.626533
0.548586
0.65017
0.660496
0.524705
0.820404
0.690143
0.563716
0.556823
0.707489
0.238155
0.516861
0.700611
0.623074
0.492811
0.78968
0.50353
0.661338
0.652176
0.293564
0.720343
0.470755
0.60261
0.618425
0.790382
0.740085
0.331195
0.768598
0.637779
0.75357
0.785458
0.716215
0.61506
0.758601
0.654628
0.711697
0.578423
0.705508
0.753334
0.683208
0.760518
0.641709
0.710376
0.451543
0.534657
0.400443
0.790682
0.837521
0.713276
0.479811
0.626189
0.779099
0.790597
0.612251
0.439084
0.531385
0.419925
0.663389
0.628171
0.765198
0.689085
0.486678
0.639071
0.751004
0.166611
0.768226
0.618151
0.677907
0.797624
0.634612
0.528135
0.701808
0.569628
0.758251
0.5689
0.795992
0.704198
0.650772
0.736949
0.622631
0.746933
0.638627
0.67815
0.687127
0.710163
0.67633
0.781075
0.572729
0.619554
0.790661
0.873969
0.635699
0.811148
0.895226
0.518433
0.73179
0.499671
0.699118
0.314671
0.607308
0.755185
0.377568
0.754944
0.614318
0.852403
0.376141
0.659088
0.620201
0.637165
0.688463
0.39279
0.7728
0.779615
0.491155
0.490626
0.464676
0.759005
0.624075
0.670135
0.628257
0.716677
0.671297
0.650922
0.476454
0.624042
0.754378
0.79666
0.701055
0.46451
0.671149
0.56031
0.737571
0.513809
0.616659
0.501309
0.639568
0.61286
0.826655
0.756625
0.724362
0.454444
0.575672
0.624006
0.465769
0.58097
0.492778
0.763843
0.76415
0.818689
0.603778
0.600298
0.56878
0.820594
0.297262
0.642584
0.659981
0.837982
0.476907
0.72611
0.635277
0.666284
0.688308
0.76382
0.47895
0.69023
0.589448
0.337574
0.687634
0.579873
0.722409
0.304276
0.730288
0.613467
0.725698
0.386024
0.634658
0.684416
0.449801
0.6807
0.721605
0.528284
0.714612
0.676924
0.598126
0.821429
0.570907
0.533917
0.601486
0.782299
0.786844
0.660433
0.826846
0.778258
0.787139
0.477001
0.772375
0.609488
0.752035
0.677486
0.243068
0.870068
0.519831
0.659408
0.757293
0.79753
0.767651
0.662116
0.558059
0.577117
0.467559
0.534438
0.801868
0.687476
0.654863
0.566365
0.71932
0.299741
0.793287
0.676404
0.746819
0.74796
0.590287
0.62372
0.611086
0.714266
0.799309
0.652236
0.776625
0.160675
0.578675
0.800122
0.514893
0.745418
0.823316
0.708874
0.405056
0.766356
0.565755
0.670665
0.692271
0.707958
0.821089
0.671441
0.566312
0.748517
0.642662
0.625594
0.473674
0.739366
0.69698
0.642348
0.598905
0.762408
0.616596
0.63924
0.62871
0.766898
0.553536
0.780441
0.605336
0.43892
0.466052
0.508879
0.73124
0.590796
0.746492
0.699689
0.503517
0.64542
0.747123
0.555217
0.837492
0.512679
0.66841
0.626273
0.777152
0.751804
0.745936
0.599155
0.616583
0.848377
0.716968
0.695369
0.411645
0.49455
0.80079
0.655237
0.625604
0.393115
0.591187
0.716484
0.546267
0.775495
0.683714
0.816219
0.74632
0.607221
0.474615
0.581199
0.414461
0.551326
0.522795
0.723549
0.768745
0.611725
0.688522
0.470531
0.624877
0.598064
0.52464
0.597549
0.549973
0.825069
0.612103
0.753588
0.618397
0.793153
0.760462
0.701001
0.430919
0.732571
0.86444
0.665408
0.759827
0.772702
0.286825
0.588996
0.588152
0.623813
0.537157
0.513056
0.456923
0.693162
0.574348
0.643186
0.614506
0.482248
0.673473
0.777533
0.590071
0.628856
0.691676
0.50789
0.76015
0.61561
0.474865
0.699923
0.561079
0.581694
0.782456
0.811973
0.564195
0.243185
0.584619
0.727157
0.791075
0.591429
0.722635
0.491721
0.650392
0.755394
0.743314
0.833926
0.691261
0.638382
0.666585
0.596752
0.614734
0.74719
0.643622
0.415048
0.520016
0.675991
0.512855
0.543475
0.569816
0.67778
0.760877
0.64335
0.810215
0.745618
0.658733
0.2826
0.783196
0.77742
0.718274
0.411673
0.638786
0.743616
0.708784
0.636328
0.572539
0.620613
0.688825
0.716807
0.673424
0.670048
0.735412
0.760349
0.779491
0.406016
0.655349
0.719535
0.580761
0.69198
0.418929
0.754153
0.726048
0.764906
0.58575
0.822978
0.542461
0.309691
0.772655
0.637668
0.686017
0.625203
0.590355
0.631512
0.845573
0.607401
0.776029
0.713288
0.578735
0.611776
0.652216
0.807564
0.732503
0.485679
0.646448
0.734274
0.436035
0.549223
0.642339
0.515982
0.712995
0.805854
0.3464
0.661772
0.594438
0.677577
0.641614
0.544968
0.645871
0.676256
0.667327
0.368617
0.535658
0.791989
0.409365
0.655398
0.338609
0.520721
0.525603
0.693831
0.68707
0.870001
0.788092
0.775557
0.558143
0.640734
0.515423
0.396474
0.713286
0.791948
0.734313
0.827483
0.421477
0.692242
0.46222
0.67663
0.489932
0.763992
0.271583
0.705184
0.505466
0.682096
0.56516
0.709302
0.800307
0.326151
0.786916
0.774333
0.635636
0.797528
0.628281
0.862849
0.603438
0.738902
0.726899
0.740355
0.636811
0.570263
0.695541
0.631506
0.841953
0.467099
0.59757
0.842599
0.674582
0.774092
0.547799
0.740338
0.726668
0.715672
0.665029
0.490414
0.5208
0.469181
0.504264
0.765855
0.737211
0.445041
0.471743
0.751632
0.80877
0.690527
0.674005
0.683289
0.495732
0.772391
0.82276
0.735226
0.686624
0.65956
0.635019
0.632293
0.72077
0.596045
0.668356
0.783505
0.817555
0.704603
0.474614
0.734167
0.580258
0.592699
0.766483
0.640485
0.810278
0.724505
0.623991
0.774832
0.366827
0.616036
0.565393
0.670494
0.706913
0.520312
0.673817
0.679776
0.650166
0.689487
0.506269
0.630689
0.830019
0.70789
0.620218
0.603294
0.761461
0.66623
0.715101
0.594273
0.416577
0.547906
0.516565
0.221145
0.606234
0.654511
0.680152
0.524622
0.849517
0.835387
0.792066
0.561207
0.608049
0.654954
0.608794
0.682417
0.879329
0.606897
0.781406
0.715701
0.598848
0.689545
0.696851
0.77376
0.640391
0.495742
0.625905
0.522662
0.698854
0.757313
0.673211
0.719743
0.73563
0.698827
0.726657
0.332765
0.595817
0.607367
0.746156
0.606927
0.608891
0.505029
0.562594
0.70185
0.653887
0.439318
0.810726
0.636348
0.612056
0.636718
0.644684
0.762466
0.605651
0.828154
0.679355
0.625402
0.776455
0.768188
0.61766
0.601321
0.304131
0.656339
0.72419
0.666443
0.712484
0.701565
0.760034
0.73238
0.693637
0.613957
0.67467
0.605888
0.779217
0.423683
0.746582
0.803426
0.586215
0.61478
0.694354
0.711406
0.741645
0.68941
0.752979
0.697129
0.374018
0.304531
0.738492
0.650739
0.678422
0.64591
0.465179
0.691104
0.744636
0.680087
0.728664
0.711764
0.648639
0.720323
0.538955
0.531896
0.69215
0.720937
0.662395
0.544996
0.677303
0.647486
0.681596
0.581794
0.687864
0.523325
0.63454
0.693891
0.628769
0.596677
0.0164132
0.645204
0.675535
0.722765
0.525737
0.5589
0.400495
0.628838
0.682278
0.392519
0.53886
0.555108
0.26137
0.673413
0.616334
0.795865
0.748406
0.56824
0.751982
0.50015
0.67774
0.566046
0.77705
0.47892
0.426721
0.651601
0.729784
0.794075
0.507832
0.583068
0.617061
0.218676
0.616332
0.679388
0.563285
0.671683
0.58695
0.508267
0.485731
0.447668
0.495862
0.78359
0.699353
0.71747
0.694407
0.625151
0.742909
0.53143
0.671298
0.611247
0.779832
0.747178
0.70899
0.523347
0.593362
0.682714
0.704378
0.689036
0.541337
0.626665
0.614251
0.807992
0.679753
0.749738
0.753578
0.731454
0.65187
0.789137
0.815877
0.397957
0.760533
0.549431
0.728487
0.762651
0.743317
0.668995
0.524094
0.765178
0.592878
0.678643
0.699112
0.669842
0.443754
0.730383
0.545361
0.739194
0.610841
0.719006
0.543911
0.491922
0.559024
0.786229
0.706131
0.551999
0.773918
0.322056
0.790786
0.828582
0.695072
0.647066
0.507222
0.307938
0.662351
0.711498
0.674
0.701052
0.82901
0.658661
0.54373
0.716112
0.669124
0.749798
0.22688
0.713545
0.956699
0.648178
0.62833
0.609479
0.405672
0.672717
0.762898
0.618366
0.475416
0.679451
0.361344
0.773757
0.804494
0.526787
0.344379
0.671833
0.867605
0.545835
0.66407
0.548519
0.395467
0.699011
0.716363
0.704156
0.603546
0.750425
0.684272
0.496201
0.648772
0.493293
0.275624
0.686936
0.614672
0.662344
0.764589
0.673742
0.737552
0.632403
0.571005
0.578205
0.544572
0.750106
0.801497
0.424208
0.706468
0.757888
0.634686
0.838434
0.644875
0.530388
0.751509
0.540113
0.567899
0.766278
0.631901
0.645924
0.694497
0.771334
0.382054
0.877121
0.5132
0.591631
0.568542
0.842039
0.612026
0.680466
0.554062
0.819075
0.818109
0.780251
0.689514
0.750045
0.81375
0.588056
0.783273
0.649809
0.553622
0.437668
0.702342
0.331427
0.779836
0.546399
0.762919
0.697315
0.848572
0.693753
0.417481
0.624501
0.61787
0.541557
0.677704
0.54346
0.788067
0.485412
0.707739
0.707673
0.586344
0.703707
0.559369
0.861039
0.608901
0.765004
0.723217
0.872089
0.752919
0.59822
0.7167
0.588308
0.727862
0.739778
0.612218
0.598928
0.503456
0.64949
0.483165
0.482067
0.660811
0.453363
0.816659
0.657877
0.711778
0.622764
0.598172
0.684166
0.785515
0.57695
0.601294
0.632148
0.677506
0.561944
0.606214
0.483807
0.720531
0.519557
0.721175
0.524141
0.386315
0.677515
0.535181
0.740917
0.615825
0.604121
0.539812
0.781116
0.770057
0.798862
0.504361
0.629846
0.676757
0.500491
0.599783
0.720571
0.775376
0.367135
0.711144
0.611279
0.622814
0.732248
0.690877
0.727201
0.859011
0.744905
0.734455
0.759112
0.681694
0.718647
0.61743
0.511652
0.65589
0.613206
0.641493
0.403607
0.425374
0.613809
0.676267
0.797658
0.508479
0.751903
0.78107
0.664481
0.332275
0.778607
0.711751
0.466031
0.538514
0.849711
0.357224
0.607021
0.550753
0.727368
0.632131
0.761632
0.742055
0.684954
0.572392
0.538846
0.720685
0.730249
0.791691
0.722828
0.752782
0.559169
0.799913
0.730461
0.681934
0.605712
0.605922
0.66301
0.677402
0.70169
0.474457
0.677001
0.604898
0.762571
0.505549
0.553996
0.544993
0.653448
0.765946
0.748452
0.447342
0.625483
0.844159
0.591075
0.595694
0.792172
0.542573
0.411846
0.658508
0.545203
0.159973
0.49245
0.762988
0.61239
0.705433
0.46528
0.702338
0.685497
0.769973
0.736241
0.527158
0.628754
0.682445
0.643093
0.607494
0.718992
0.56755
0.585681
0.549768
0.661063
0.505749
0.759552
0.600781
0.630919
0.561816
0.564919
0.662051
0.752083
0.698232
0.645081
0.70646
0.655818
0.655267
0.747254
0.8268
0.714286
0.633099
0.653634
0.621656
0.718865
0.604186
0.375977
0.812889
0.643457
0.622844
0.647544
0.527511
0.626582
0.746164
0.854014
0.63131
0.735973
0.749336
0.495721
0.769522
0.72322
0.462763
0.73006
0.718762
0.254872
0.804221
0.549681
0.422807
0.610508
0.579737
0.66781
0.643273
0.770143
0.734917
0.612667
0.434415
0.60464
0.630084
0.566659
0.81633
0.689335
0.692788
0.743875
0.798159
0.55061
0.617872
0.578357
0.611637
0.804958
0.664547
0.604191
0.457382
0.768507
0.723353
0.760332
0.786482
0.776579
0.256367
0.671216
0.370919
0.718278
0.709786
0.750957
0.739508
0.849193
0.732864
0.726751
0.783515
0.575021
0.745671
0.465476
0.754136
0.58621
0.653885
0.676489
0.69718
0.439815
0.565103
0.450553
0.657517
0.748094
0.739164
0.601121
0.445479
0.69566
0.640485
0.525826
0.533225
0.789147
0.695787
0.797891
0.318648
0.75211
0.568991
0.659945
0.708115
0.626852
0.726373
0.74445
0.806501
0.704801
0.183546
0.337429
0.605942
0.790385
0.761371
0.679643
0.781005
0.790222
0.543827
0.773521
0.595723
0.710903
0.757627
0.663278
0.652231
0.610718
0.687621
0.494992
0.589647
0.799518
0.596534
0.751203
0.798044
0.698349
0.563022
0.397176
0.505488
0.73857
0.691638
0.726122
0.615721
0.685148
0.717368
0.776027
0.56867
0.675321
0.673467
0.76255
0.693486
0.751919
0.644793
0.531534
0.804638
0.658646
0.668779
0.723354
0.791275
0.540806
0.478486
0.747557
0.819369
0.608392
0.385325
0.761235
0.602169
0.685656
0.315622
0.684525
0.729721
0.320356
0.762162
0.658183
0.672235
0.553913
0.656225
0.668628
0.605176
0.660761
0.626571
0.445199
0.738673
0.489383
0.690138
0.614596
0.694477
0.594786
0.491903
0.572634
0.644799
0.664167
0.461106
0.631956
0.797075
0.627168
0.505586
0.673023
0.81278
0.72301
0.548478
0.775476
0.65929
0.671076
0.580828
0.767633
0.532956
0.689948
0.512229
0.810208
0.576413
0.493996
0.753448
0.539191
0.605762
0.820959
0.71488
0.62257
0.507741
0.571093
0.69517
0.667508
0.735487
0.769678
0.79725
0.621932
0.705957
0.403583
0.595008
0.685244
0.807308
0.689465
0.650976
0.614668
0.527782
0.782326
0.582502
0.589364
0.433448
0.794315
0.62532
0.655199
0.721651
0.637405
0.725446
0.648776
0.631284
0.612802
0.808251
0.823815
0.673181
0.710595
0.629121
0.665941
0.728658
0.681587
0.479974
0.79578
0.742986
0.139116
0.712824
0.640246
0.307097
0.415147
0.793244
0.700274
0.704164
0.226185
0.549295
0.497976
0.667943
0.660613
0.753409
0.716219
0.489092
0.727477
0.613135
0.635658
0.717957
0.685324
0.711044
0.67047
0.630885
0.701236
0.768457
0.628129
0.613141
0.779193
0.512356
0.686937
0.659995
0.769786
0.530607
0.47225
0.47688
0.504242
0.558294
0.576501
0.546904
0.696297
0.704855
0.748001
0.817328
0.635674
0.674353
0.485362
0.821358
0.546336
0.729246
0.720249
0.539015
0.686602
0.763502
0.72425
0.236461
0.654629
0.536482
0.6977
0.780107
0.756338
0.63481
0.805929
0.531403
0.713144
0.694794
0.609429
0.72285
0.559075
0.827851
0.755277
0.645416
0.566972
0.65288
0.731279
0.576737
0.681256
0.767695
0.51448
0.274957
0.647266
0.564636
0.722965
0.697089
0.35258
0.474193
0.541609
0.768202
0.798955
0.660135
0.803151
0.522369
0.566573
0.781441
0.719987
0.616361
0.613865
0.727109
0.568744
0.694268
0.742554
0.552279
0.645677
0.645879
0.764683
0.647926
0.503671
0.857397
0.576976
0.651184
0.752505
0.739337
0.386563
0.442183
0.567052
0.707624
0.811626
0.723325
0.738065
0.738354
0.784184
0.694234
0.725912
0.632063
0.513064
0.680497
0.776192
0.694343
0.734009
0.663395
0.547652
0.827545
0.718914
0.627915
0.479633
0.830231
0.600124
0.605325
0.56965
0.722099
0.562474
0.756451
0.456152
0.84828
0.784021
0.318443
0.735654
0.626164
0.616335
0.833245
0.656251
0.584902
0.495753
0.722149
0.531396
0.384792
0.748059
0.294201
0.721308
0.800446
0.628114
0.574797
0.549133
0.740627
0.809818
0.485306
0.712497
0.643759
0.658746
0.762101
0.621789
0.638401
0.628836
0.514256
0.78613
0.62824
0.575977
0.713394
0.733862
0.817625
0.612374
0.569866
0.621677
0.781144
0.716525
0.858699
0.737545
0.723054
0.329963
0.62447
0.426893
0.877781
0.676991
0.577595
0.374365
0.524268
0.596018
0.694282
0.705913
0.565447
0.676
0.494869
0.801888
0.756229
0.324547
0.575829
0.644421
0.635082
0.629866
0.609105
0.766539
0.554767
0.483546
0.704871
0.631047
0.60068
0.670212
0.833589
0.744193
0.591694
0.799627
0.826344
0.814204
0.635964
0.341115
0.616568
0.560669
0.577554
0.646243
0.588662
0.691738
0.527799
0.692801
0.723924
0.681916
0.564295
0.581357
0.501561
0.705109
0.697592
0.684244
0.620745
0.525253
0.71196
0.634267
0.486003
0.690976
0.548039
0.73174
0.641886
0.577984
0.264251
0.634697
0.597546
0.602121
0.533907
0.516604
0.546709
0.785796
0.526462
0.681857
0.698115
0.697424
0.650941
0.480735
0.69646
0.638547
0.419739
0.715296
0.714173
0.761367
0.511579
0.641256
0.532336
0.536741
0.680764
0.736817
0.698711
0.610261
0.718491
0.635233
0.629378
0.763728
0.478006
0.67606
0.681605
0.713369
0.741132
0.712682
0.563129
0.773164
0.300305
0.66036
0.519679
0.781991
0.323167
0.534194
0.792769
0.755155
0.722674
0.799177
0.692305
0.421883
0.630982
0.567696
0.753297
0.796498
0.637575
0.602335
0.523112
0.709678
0.872858
0.608955
0.664908
0.445112
0.593877
0.551847
0.65397
0.728852
0.672344
0.684579
0.553232
0.797473
0.638455
0.721794
0.625248
0.708688
0.716643
0.666163
0.779367
0.488029
0.622021
0.489121
0.513438
0.55747
0.628704
0.666221
0.724943
0.45345
0.210999
0.756933
0.58783
0.503966
0.584021
0.594126
0.712398
0.662126
0.682261
0.65815
0.621361
0.682075
0.692974
0.560124
0.516038
0.583707
0.710756
0.686232
0.730456
0.671325
0.708529
0.755947
0.804588
0.775651
0.627455
0.786347
0.642131
0.397178
0.781321
0.663074
0.789594
0.720016
0.431804
0.630707
0.53082
0.697336
0.747771
0.77284
0.885745
0.49653
0.598646
0.604259
0.440525
0.662587
0.599431
0.866667
0.729678
0.640293
0.702843
0.519267
0.679123
0.469839
0.598428
0.732389
0.617649
-0.44488
0.608597
0.679734
0.616215
0.523603
0.663135
0.572017
0.742042
0.582792
0.692356
0.849661
0.636998
0.693334
0.722163
0.64574
0.6395
0.770991
0.675645
0.607742
0.771041
0.528018
0.766353
0.495719
0.551388
0.730427
0.628712
0.775658
0.686972
0.702087
0.74799
0.619615
0.653999
0.656942
0.69278
0.464381
0.751087
0.735177
0.448651
0.69462
0.717649
0.704283
0.558323
0.681463
0.828013
0.64036
0.607466
0.53752
0.686188
0.366585
0.784532
0.613537
0.701113
0.74301
0.703553
0.703625
0.407951
0.680745
0.52394
0.780334
0.577453
0.484549
0.598169
0.782255
0.708779
0.559734
0.788169
0.692006
0.434198
0.645216
0.604463
0.619618
0.531844
0.635075
0.702514
0.723238
0.646227
0.544501
0.461908
0.698166
0.550145
0.731705
0.229231
0.581391
0.637958
0.518999
0.684026
0.511736
0.493921
0.793334
0.767292
0.534429
0.627512
0.676474
0.591253
0.699812
0.53442
0.825816
0.792471
0.700043
0.642324
0.689789
0.74498
0.447686
0.833124
0.465507
0.802227
0.504867
0.766915
0.845243
0.707046
0.785261
0.730435
0.71472
0.694237
0.592665
0.644499
0.710709
0.475022
0.554834
0.596984
0.713906
0.821767
0.526315
0.493754
0.810782
0.668429
0.558892
0.711267
0.770843
0.670232
0.581291
0.577152
0.741433
0.733131
0.61672
0.635662
0.7306
0.738185
0.482309
0.575118
0.561129
0.595974
0.557992
0.59474
0.686039
0.473496
0.815596
0.63
0.399874
0.527307
0.690904
0.24902
0.755065
0.684606
0.473198
0.654889
0.708831
0.606765
0.667431
0.688331
0.7974
0.683104
0.687734
0.801661
0.791077
0.728782
0.792568
0.691172
0.796996
0.490356
0.779045
0.694011
0.478445
0.543591
0.619044
0.600555
0.66343
0.728652
0.719289
0.673593
0.555003
0.665344
0.544637
0.709346
0.564002
0.707941
0.531558
0.646884
0.663288
0.658991
0.566027
0.702735
0.551522
0.781367
0.680332
0.641158
0.759016
0.818375
0.50998
0.799202
0.677318
0.751355
0.808741
0.405814
0.682963
0.60912
0.634871
0.801695
0.721366
0.72203
0.769082
0.591272
0.711679
0.600604
0.759663
0.654389
0.639371
0.57966
0.673173
0.676971
0.713278
0.563558
0.728196
0.72846
0.634386
0.280228
0.82524
0.824323
0.587146
0.512208
0.658484
0.585357
0.789218
0.595819
0.309376
0.523444
0.673097
0.623748
0.619808
0.769705
0.671153
0.830695
0.697126
0.519569
0.655128
0.608757
0.605897
0.676229
0.692669
0.713325
0.73586
0.606037
0.566707
0.546459
0.844556
0.718197
0.757419
0.662576
0.635
0.795806
0.491751
0.652027
0.669777
0.673526
0.449904
0.791329
0.416249
0.712399
0.615013
0.575715
0.736011
0.578848
0.612592
0.811713
0.712578
0.693262
0.668212
0.569927
0.736513
0.686053
0.578434
0.739485
0.637437
0.6606
0.595231
0.606736
0.61963
0.587738
0.127205
0.328235
0.778555
0.537455
0.743985
0.697633
0.644632
0.705686
0.829861
0.570716
0.7888
0.689251
0.485066
0.709723
0.284118
0.602881
0.817158
0.334591
0.657818
0.64437
0.658177
0.497574
0.655172
0.657287
0.859961
0.568677
0.764848
0.49916
0.608128
0.705973
0.782346
0.707174
0.696515
0.553438
0.665981
0.576112
0.796775
0.703811
0.800858
0.814229
0.757616
0.690786
0.707449
0.769309
0.760902
0.72932
0.529219
0.680854
0.710658
0.759155
0.677704
0.728178
0.796095
0.670547
0.705999
0.599142
0.629384
0.421833
0.776773
0.568502
0.721375
0.771189
0.652703
0.391703
0.75352
0.764853
0.734775
0.525933
0.731642
0.527182
0.336767
0.723523
0.518611
0.720747
0.698747
0.599821
0.701878
0.797602
0.615248
0.79416
0.724496
0.700945
0.680862
0.679759
0.832952
0.603688
0.723418
0.446924
0.55307
0.759383
0.803315
0.693604
0.85132
0.756376
0.611288
0.545938
0.654365
0.627012
0.759627
0.634164
0.677827
0.756967
0.734239
0.679412
0.7282
0.61711
0.715362
0.665632
0.765443
0.476175
0.441044
0.638578
0.768668
0.606071
0.678924
0.522384
0.392123
0.56936
0.723604
0.757504
0.754851
0.350221
0.615915
0.784325
0.481346
0.60922
0.773953
0.771019
0.603947
0.723153
0.65249
0.492932
0.547909
0.703769
0.686215
0.719916
0.767175
0.804366
0.361096
0.800029
0.615287
0.445408
0.659859
0.77786
0.560005
0.522964
0.771279
0.609685
0.714669
0.678395
0.600771
0.544005
0.317881
0.662891
0.713245
0.78102
0.78463
0.756558
0.650376
0.588722
0.64699
0.785682
0.725136
0.59687
0.616401
0.615657
0.493135
0.773719
0.807871
0.79695
0.683038
0.694735
0.778882
0.555408
0.686506
0.595236
0.578445
0.724319
0.704626
0.547137
0.710329
0.694633
0.605894
0.68854
0.690173
0.762049
0.721975
0.48915
0.668979
0.592596
0.849041
0.771724
0.53562
0.569108
0.670335
0.693001
0.773624
0.69716
0.629372
0.742501
0.70186
0.770472
0.721876
0.738872
0.671632
0.563095
0.824092
0.752886
0.492643
0.696836
0.848337
0.611886
0.560512
0.288102
0.757713
0.640959
0.248443
0.427164
0.656265
0.330915
0.67365
0.802508
0.817467
0.543179
0.709166
0.435257
0.655827
0.688366
0.400319
-0.0667196
0.726237
0.051213
0.735994
0.787689
0.56213
0.726289
0.454025
0.757379
0.726628
0.530121
0.838651
0.163278
0.646686
0.770184
0.687936
0.605382
0.532061
0.592351
0.738786
0.773662
0.621274
0.813969
0.863483
0.828762
0.729589
0.263578
0.422836
0.698688
0.630177
0.768606
0.680207
0.49116
0.687472
0.716317
0.618218
0.757633
0.66507
0.708021
0.636038
0.657403
0.49831
0.714542
0.788447
0.33466
0.821904
0.6104
0.719384
0.573443
0.56814
0.453029
0.604391
0.087884
0.676333
0.804271
0.581666
0.773935
0.521795
0.596692
0.751206
0.729715
0.727516
0.664946
0.438791
0.710608
0.790997
0.626849
0.820597
0.469754
0.77719
0.747308
0.570009
0.574424
0.591795
0.647592
0.851076
0.679192
0.5877
0.479573
0.567599
0.602393
0.688983
0.734083
0.612506
0.584338
0.635989
0.709976
0.66462
0.591347
0.735036
0.847245
0.723317
0.722322
0.501629
0.782779
0.585557
0.440113
0.497421
0.543023
0.666163
0.667261
0.522103
0.774437
0.391738
0.793447
0.731662
0.783881
0.52746
0.371792
0.540382
0.743122
0.525087
0.65104
0.696766
0.626004
0.722069
0.641218
0.441643
0.661831
0.670073
0.628154
0.799116
0.423201
0.724136
0.813793
0.801381
0.651256
0.701525
0.61975
0.762035
0.771733
0.662005
0.592682
0.827956
0.819998
0.568669
0.697971
0.650126
0.759346
0.595222
0.684269
0.595181
0.591272
0.83255
0.744364
0.80349
0.602448
0.587259
0.606414
0.49869
0.690786
0.681083
0.677245
0.78938
0.73441
0.590988
0.673854
0.732673
0.731102
0.55677
0.526822
0.692558
0.472559
0.561112
0.709976
0.492067
0.75876
0.602196
0.764181
0.778366
0.709412
0.285004
0.715666
0.708848
0.716031
0.808144
0.634316
0.732977
0.697424
0.51598
0.810144
0.598515
0.743915
0.737445
0.655548
0.495074
0.826288
0.479791
0.290958
0.647424
0.580266
0.562967
0.807176
0.646166
0.391118
0.730178
0.557152
0.579962
0.655447
0.0292636
0.655008
0.76535
0.781788
0.543143
0.68839
0.477103
0.798036
0.53741
0.536933
0.80536
0.535724
0.65827
0.429001
0.692459
0.799326
0.829284
0.562968
0.544044
0.279085
0.374932
0.733519
0.725321
0.814464
0.314977
0.801749
0.424917
0.844286
0.839028
0.674726
0.66588
0.742216
0.706458
0.792739
0.541538
0.673513
0.58089
0.717157
0.723544
0.754292
0.524518
0.578331
0.794818
0.806301
0.590206
0.807668
0.630145
0.566469
0.383328
0.802259
0.333239
0.661644
0.707454
0.513872
0.519949
0.457107
0.533737
0.626521
0.643617
0.851313
0.732053
0.374825
0.713442
0.722466
0.808036
0.410086
0.680799
0.694891
0.666872
0.702305
0.77611
0.625036
0.650371
0.589109
0.734996
0.712647
0.721101
0.629231
0.795285
0.280888
0.63794
0.651075
0.480828
0.45217
0.649131
0.763732
0.70883
0.642664
0.582921
0.691774
0.560262
0.475335
0.0155666
0.782278
0.515471
0.51586
0.743172
0.575667
0.756941
0.653895
0.570409
0.364139
0.395137
0.631263
0.314902
0.508107
0.427854
0.510816
0.795414
0.647499
0.706549
0.545477
0.830245
0.753471
0.416092
0.754566
0.702252
0.800304
0.570802
0.775691
0.650551
0.592505
0.757565
0.554599
0.728804
0.682773
0.764025
0.593618
0.55435
0.75263
0.606573
0.691055
0.60534
0.680309
0.696229
0.626705
0.726784
0.707206
0.679748
0.711244
0.657838
0.743135
0.557801
0.786651
0.781887
0.602601
0.707252
0.641088
0.679224
0.680349
0.606029
0.750489
0.612895
0.695734
0.680905
0.678709
0.737376
0.580376
0.701922
0.608795
0.750364
0.699156
0.626368
0.620917
0.623393
0.684119
0.735924
0.457969
0.682786
0.649512
0.525115
0.501462
0.71586
0.770872
0.602578
0.200357
0.782776
0.600779
0.852878
0.778199
0.47492
0.383972
0.660554
0.507481
0.626013
0.68505
0.57726
0.740212
0.722424
0.795971
0.798408
0.819706
0.742022
0.545269
0.711521
0.390414
0.775113
0.744132
0.647004
0.106466
0.679958
0.784586
0.744933
0.861741
0.617614
0.706837
0.779095
0.755686
0.656192
0.580812
0.646725
0.598692
0.56592
0.666532
0.643193
0.558509
0.484063
0.498366
0.643582
0.817845
0.0376456
0.598686
0.772348
0.583666
0.0863319
0.696889
0.667432
0.237759
0.710646
0.528525
0.766647
0.665654
0.675715
0.595041
0.578226
0.724653
0.608611
0.516896
0.637363
0.721752
0.821308
0.781632
0.494645
0.638319
0.714341
0.683846
0.795726
0.695325
0.554025
0.72073
0.754273
0.735265
0.765851
0.675791
0.759472
0.847499
0.621822
0.599468
0.777063
0.808105
0.774096
0.631715
0.788649
0.804152
0.717352
0.61403
0.302624
0.520859
0.673848
0.615611
0.768344
0.496546
0.781916
0.786886
0.741506
0.429081
0.657153
0.551381
0.573291
0.71412
0.587778
0.387691
0.801083
0.669616
0.512276
0.534676
0.757912
0.632499
0.673941
0.639498
0.496169
0.673775
0.761096
0.545874
0.586903
0.765849
0.528213
0.68384
0.777421
0.706594
0.680883
0.795442
0.43359
0.642578
0.58185
0.562992
0.343819
0.807086
0.645824
0.62077
0.721861
0.664769
0.772381
0.562384
0.622047
0.5243
0.237379
0.726182
0.603545
0.75144
0.625574
0.750148
0.657417
0.726606
0.710458
0.758889
0.600639
0.756837
0.611588
0.625866
0.757773
0.831255
0.608362
0.649908
0.525331
0.716112
0.667571
0.699306
0.546229
0.729837
0.573872
0.763941
0.563455
0.655233
0.584281
0.578675
0.691394
0.770036
0.797903
0.503351
0.711551
0.650375
0.819194
0.679066
0.702762
0.655922
0.72602
0.649924
0.0342704
0.33139
0.517636
0.751642
0.562785
0.571765
0.682376
0.628314
0.759677
0.50481
0.692553
0.465913
0.568877
0.594216
0.362716
0.700415
0.55857
0.740783
0.709199
0.706162
0.678356
0.644601
0.667487
0.8246
0.770801
0.571827
0.545619
0.388602
0.6644
0.496679
0.791782
0.761518
0.557666
0.733834
0.50744
0.793322
0.697834
0.874774
0.378415
0.647504
0.802281
0.625768
0.630986
0.674278
0.63576
0.721709
0.78914
0.690398
0.625074
0.684597
0.704247
0.371777
0.603
0.734415
0.648837
0.54279
0.61449
0.676567
0.746038
0.693668
0.573938
0.731398
0.580815
0.626813
0.577228
0.791874
0.648433
0.683872
0.492898
0.592219
0.551695
0.698628
0.684691
0.701301
0.725886
0.580475
0.772639
0.834273
0.710175
0.736213
0.503083
0.709376
0.719083
0.686705
0.664714
0.521496
0.76854
0.724183
0.734575
0.628419
0.394156
0.716937
0.640486
0.703795
0.70604
0.716495
0.504105
0.688173
0.74806
0.717131
0.673397
0.55685
0.734093
0.719438
0.800559
0.751352
0.703124
0.708105
0.597459
0.261437
0.42812
0.675555
0.604089
0.584249
0.572962
0.422769
0.642468
0.587771
0.789746
0.679807
0.779767
0.491901
0.539833
0.590352
0.772181
0.650984
0.621734
0.766687
0.737782
0.738048
0.375173
0.511807
0.798555
0.59409
0.601825
0.60893
0.594954
0.469341
0.487133
0.521366
0.652236
0.819327
0.536248
0.704423
0.696605
0.394546
0.697156
0.867613
0.823095
0.544228
0.690239
0.514335
0.673809
0.42975
0.617289
0.702342
0.645977
0.235706
0.554731
0.709924
0.667375
0.632246
0.675006
0.879983
0.734653
0.610479
0.50152
0.635081
0.371047
0.721901
0.698816
0.357743
0.540737
0.480926
0.642223
0.692388
0.58685
0.483551
0.543098
0.826001
0.737831
0.669591
0.708062
0.66516
0.418632
0.70035
0.803159
0.772501
0.696963
0.617409
0.53041
0.673326
0.598939
0.623396
0.819329
0.689857
0.529066
0.739155
0.651495
0.813777
0.682135
0.482866
0.682391
0.737772
0.781644
0.562685
0.622197
0.658963
0.662987
0.617769
0.731092
0.82039
0.733889
0.775735
0.824321
0.766461
0.569772
0.66653
0.269492
0.501671
0.430239
0.696947
0.613586
0.565312
0.666768
0.740438
0.584674
0.623561
0.68934
0.59683
0.775539
0.474083
0.704442
0.706708
0.621254
0.581501
0.739621
0.727885
0.586472
0.830183
0.568327
0.697831
0.432115
0.582562
0.746414
0.617461
0.65406
0.710306
0.757457
0.467469
0.420945
0.679307
0.524126
0.610385
0.665425
0.639262
0.649641
0.572474
0.788979
0.764314
0.78864
0.617352
0.481182
0.590051
0.667748
0.790518
0.675375
0.715307
0.442008
0.711167
0.738588
0.788816
0.754157
0.750093
0.677841
0.42869
0.726192
0.758273
0.263209
0.40954
0.785252
0.340094
0.525581
0.667819
0.74181
0.616089
0.609971
0.568194
0.571653
0.587188
0.597288
0.780771
0.625996
0.650371
0.736913
0.536587
0.794758
0.710225
0.392978
0.702126
0.762644
0.541947
0.538675
0.731579
0.714458
0.704853
0.744288
0.428862
0.719295
0.540136
0.692217
0.385998
0.573111
0.670155
0.716445
0.638648
0.419099
0.744304
0.695116
0.749415
0.66524
0.561433
0.654697
0.617616
0.642281
0.689217
0.559029
0.815311
0.482493
0.729938
0.662161
0.730442
0.63331
0.693189
0.553656
0.677304
0.699125
0.747427
0.612876
0.629467
0.71235
0.615536
0.688053
0.722243
0.684422
0.734948
0.423084
0.597127
0.368148
0.533221
0.289957
0.627372
0.411848
0.697462
0.738277
0.648057
0.719938
0.68396
0.640765
0.481846
0.677594
0.62591
0.803137
0.722966
0.658313
0.684777
0.566257
0.703432
0.688843
0.559365
0.696995
0.701031
0.758558
0.672789
0.820057
0.674423
0.783535
0.700655
0.538442
0.742559
0.403371
0.360996
0.489145
0.786426
0.733502
0.799708
0.5375
0.35456
0.8304
0.721964
0.685021
0.787367
0.439625
0.681441
0.448359
0.350972
0.684256
0.771637
0.765763
0.491974
0.622445
0.685027
0.404794
0.843087
0.659494
0.606467
0.603778
0.689447
0.728159
0.632167
0.409065
0.744958
0.377258
0.617489
0.537801
0.703318
0.66439
0.394468
0.755272
0.594773
0.58996
0.677891
0.70221
0.602095
0.776073
0.731274
0.620707
0.60641
0.50449
0.708296
0.780415
0.547571
0.751388
0.526402
0.757829
0.767015
0.626788
0.57859
0.480892
0.120814
0.779981
0.76267
0.884644
0.700702
0.392679
0.589913
0.727901
0.651451
0.586055
0.651427
0.261042
0.217432
0.743041
0.331501
0.840727
0.588029
0.624393
0.774667
0.552987
0.309268
0.704986
0.372717
0.546808
0.673334
0.687416
0.615703
0.766637
0.845227
0.601442
0.707477
0.693311
0.437653
0.579528
0.433302
0.773047
0.700684
0.69548
0.649417
0.58749
0.788101
0.766366
0.586131
0.652637
0.674865
0.694163
0.804201
0.431847
0.740421
0.770948
0.61717
0.207864
0.566966
0.573112
0.620854
0.674855
0.730085
0.305856
0.797052
0.554762
0.813439
0.675723
0.809456
0.561794
0.72426
0.646937
0.297509
0.805229
0.369342
0.662608
0.68996
0.689905
0.787484
0.697447
0.698298
0.759389
0.621343
0.550638
0.414639
0.797874
0.777768
0.682837
0.741288
0.571292
0.760564
0.691495
0.723882
0.805686
0.800057
0.623833
0.480419
0.597525
0.669396
0.577518
0.656919
0.656889
0.589745
0.627539
0.756714
0.710073
0.696534
0.578848
0.696842
0.746922
0.667067
0.735455
0.536809
0.682776
0.785531
0.374152
0.686476
0.448174
0.413178
0.669435
0.642735
0.735926
0.754311
0.753282
0.571038
0.56133
0.650864
0.636635
0.711326
0.753356
0.707999
0.589386
0.555445
0.551147
0.638693
0.4173
0.66758
0.809192
0.73205
0.438344
0.644753
0.637277
0.107852
0.646888
0.748459
0.671593
0.663622
0.739104
0.559686
0.754947
0.681567
0.582317
0.564153
0.585664
0.71428
0.545931
0.656149
0.41673
0.639192
0.603121
0.385163
0.333598
0.395888
0.664342
0.255833
0.649858
0.614635
0.448647
0.759963
0.644553
0.708289
0.578208
0.641989
0.619525
0.480778
0.750564
0.846169
0.501786
0.386329
0.56343
0.655027
0.766981
0.729113
0.508891
0.740614
0.426664
0.459235
0.811468
0.658026
0.732855
0.408154
0.529439
0.827736
0.677224
0.675623
0.831196
0.596853
0.72483
0.363399
0.684103
0.626936
0.689918
0.575917
0.593358
0.733889
0.654852
0.474923
0.756444
0.775187
0.570265
0.547983
0.721772
0.444936
0.507213
0.743625
0.718312
0.668641
0.642173
0.646949
0.829437
0.833861
0.689684
0.271146
0.594733
0.443214
0.650842
0.593694
0.409478
0.799668
0.696435
0.642485
0.685065
0.603568
0.591146
0.614596
0.72394
0.713931
0.568701
0.670823
0.605997
0.680768
0.730477
0.746012
0.588986
0.276222
0.786051
0.769122
0.885591
0.536139
0.723516
0.66045
0.701133
0.627914
0.385197
0.609403
0.794765
0.800145
0.792336
0.688224
0.572159
0.782809
0.663971
0.59954
0.800393
0.68388
0.620761
0.722248
0.786788
0.519669
0.533579
0.770484
0.724936
0.821355
0.750581
0.729354
0.801887
0.57145
0.488842
0.830553
0.749415
0.590814
0.554006
0.713271
0.72541
0.783733
0.600431
0.788536
0.722598
0.728507
0.481543
0.513432
0.744404
0.736848
0.57613
0.573931
0.790933
0.623824
0.731332
0.718475
0.547327
0.406511
0.696048
0.833047
0.263404
0.592786
0.155636
0.657541
0.657137
0.458558
0.639437
0.676806
0.706518
0.674646
0.746001
0.624349
0.60454
0.789214
0.590589
0.477437
0.699819
0.637152
0.706947
0.763441
0.709691
0.514442
0.635726
0.694051
0.414809
0.81409
0.702009
0.461254
0.64939
0.602001
0.598047
0.740423
0.591284
0.366218
0.666855
0.771251
0.711273
0.780589
0.667511
0.750524
0.864462
0.712471
0.489676
0.713494
0.738434
0.517817
0.65332
0.729854
0.738159
0.851161
0.611334
0.631622
0.791458
0.580339
0.652039
0.724457
0.434708
0.765282
0.68827
0.534296
0.638902
0.553786
0.663301
0.576387
0.733114
0.71882
0.82069
0.459881
0.371374
0.762799
0.599766
0.630216
0.742965
0.762139
0.619589
0.745185
0.711045
0.654372
0.525818
0.747694
0.598994
0.786514
0.701526
0.855371
0.628004
0.660067
0.469178
0.734234
0.617246
0.508208
0.653549
0.609747
0.60578
0.649481
0.414645
0.620248
0.516749
0.6814
0.776458
0.737833
0.441274
0.647996
0.734377
0.567842
0.579588
0.814919
0.713744
0.646634
0.639065
0.670173
0.809958
0.639239
0.649372
0.662356
0.466364
0.734321
0.686695
0.783868
0.498272
0.725091
0.666124
0.626944
0.440943
0.757575
0.742832
0.477397
0.617561
0.851106
0.587424
0.337974
0.56536
0.782093
0.730758
0.59503
0.677492
0.750794
0.435501
0.64975
0.680211
0.503153
0.689286
0.802136
0.605664
0.700031
0.547693
0.647982
0.472442
0.461038
0.625679
0.774968
0.800814
0.793202
0.701269
0.691227
0.778351
0.245385
0.734464
0.506032
0.483631
0.756476
0.598195
0.864726
0.584392
0.455702
0.630724
0.8604
0.423444
0.779456
0.554821
0.73832
0.653092
0.792571
0.814196
0.725448
0.758433
0.640323
0.635769
0.64181
0.656429
0.779675
0.580612
0.805289
0.70517
0.534081
0.778161
0.730936
0.639824
0.606961
0.639724
0.574173
0.720365
0.643463
0.508857
0.535789
0.582101
0.693221
0.48868
0.68341
0.385291
0.241283
0.817513
0.74945
0.659667
0.68782
0.748496
0.544656
0.527245
0.641014
0.525028
0.681004
0.565183
0.751489
0.629971
0.766395
0.777064
0.6334
0.703428
0.662464
0.840973
0.730165
0.713459
0.70623
0.710787
0.818365
0.576761
0.711428
0.562424
0.645629
0.631194
0.645055
0.816101
0.674239
0.673463
0.611416
0.577864
0.738958
0.761822
0.710066
0.787413
0.57928
0.512414
0.607052
0.640234
0.617938
0.873322
0.538982
0.706134
0.3918
0.680325
0.595335
0.736495
0.656854
0.389378
0.575354
0.758539
0.724945
0.720377
0.560453
0.675756
0.77126
0.723946
0.488955
0.726227
0.57556
0.666821
0.407759
0.593423
0.733802
0.7609
0.63439
0.69555
0.620059
0.719228
0.725856
0.60413
0.702028
0.662883
0.648962
0.671875
0.575155
0.40639
0.795528
0.55152
0.58457
0.341326
0.624671
0.753598
0.755251
0.687826
0.755569
0.540018
0.701072
0.508224
0.70403
0.608467
0.731573
0.729585
0.445289
0.630174
0.788159
0.543052
0.817747
0.5275
0.56875
0.498195
0.733338
0.746233
0.602159
0.697939
0.841194
0.761833
0.712746
0.303506
0.682022
0.540889
0.578845
0.494985
0.667558
0.42492
0.85821
0.613811
0.721291
0.737291
0.665025
0.811616
0.834856
0.682779
0.432101
0.585097
0.795088
0.759661
0.746401
0.806613
0.598563
0.78238
0.611053
0.298719
0.448575
0.793938
0.536895
0.822206
0.500505
0.666536
0.728789
0.771778
0.561836
0.693169
0.694639
0.728342
0.358815
0.312325
0.520756
0.728278
0.618465
0.424022
0.774253
0.501807
0.67455
0.692067
0.746337
0.543587
0.744262
0.805253
0.665201
0.810747
0.725341
0.323361
0.447112
0.62388
0.558976
0.63083
0.437795
0.605897
0.600978
0.448423
0.516213
0.657919
0.743015
0.626932
0.493189
0.672008
0.820352
0.68116
0.66589
0.525735
0.402964
0.638651
0.528578
0.641883
0.515773
0.708592
0.702039
0.571887
0.726791
0.721723
0.749043
0.208319
0.686681
0.644686
0.734496
0.594743
0.562435
0.474107
0.633233
0.801317
0.681511
0.792568
0.425037
0.735302
0.63226
0.585327
0.614062
0.538841
0.598199
0.669479
0.6291
0.727721
0.738451
0.670722
0.457228
0.380834
0.623192
0.241648
0.72678
0.624688
0.810936
0.654745
0.698033
0.358602
0.713587
0.900371
0.716776
0.727263
0.600175
0.566096
0.787678
0.829577
0.556604
0.699806
0.511708
0.647736
0.863891
0.749536
0.748349
0.691956
0.559423
0.70102
0.25423
0.186414
0.763042
0.707487
0.669407
0.779078
0.70199
0.659623
0.784032
0.589158
0.64855
0.728505
0.715808
0.64791
0.305265
0.656459
0.680617
0.729697
0.548563
0.45342
0.558662
0.652366
0.580189
0.682137
0.832164
0.743396
0.755681
0.7724
0.606149
0.73639
0.695942
0.577004
0.704125
0.738914
0.618371
0.767293
0.755838
0.356731
0.852461
0.736859
0.674017
0.521576
0.53781
0.754372
0.689525
0.483389
0.402129
0.757124
0.778694
0.787168
0.517894
0.661209
0.469294
0.627294
0.610239
0.63568
0.618423
0.739303
0.704634
0.609656
0.786331
0.613657
0.614869
0.614648
0.644659
0.565684
0.742291
0.679643
0.553954
0.699588
0.728598
0.5355
0.803026
0.590586
0.573941
0.715196
0.760253
0.609231
0.664155
0.54369
0.53681
0.719124
0.583615
0.521324
0.487696
0.814033
0.741416
0.613156
0.64959
0.566683
0.61072
0.534013
0.635227
0.710424
0.721001
0.61379
0.637802
0.662757
0.515706
0.68578
0.445557
0.453239
0.796808
0.574019
0.680222
0.623426
0.705386
0.634674
0.703362
0.72666
0.61031
0.657608
0.478608
0.687912
0.723389
0.523637
0.354299
0.653212
0.71896
0.626757
0.632893
0.587677
0.695992
0.565826
0.608416
0.69738
0.790253
0.727151
0.505936
0.718925
0.49235
0.699575
0.655272
0.775727
0.678508
0.46198
0.584315
0.783697
0.791473
0.648526
0.519668
0.435332
0.654784
0.693033
0.731583
0.687141
0.825395
0.701213
0.689933
0.65044
0.807151
0.588553
0.698941
0.155158
0.679158
0.738812
0.517333
0.600424
0.7261
0.586455
0.61958
0.501776
0.325756
0.641078
0.712592
0.739787
0.476735
0.813336
0.625744
0.59664
0.617485
0.72455
0.607814
0.537393
0.69437
0.805019
0.639682
0.766641
0.783003
0.726652
0.687226
0.583116
0.757826
0.366189
0.764476
0.707204
0.601381
0.570806
0.653787
0.724434
0.46732
0.663579
0.663472
0.611095
0.779836
0.651223
0.629404
0.585886
0.640125
0.686891
0.631322
0.661334
0.528537
0.754047
0.31742
0.563745
0.779905
0.700027
0.482566
0.838976
0.750394
0.595009
0.652554
0.740877
0.588212
0.790288
0.663118
0.612285
0.718085
0.591823
0.598499
0.795577
0.754808
0.66465
0.610151
0.790459
0.735406
0.632795
0.665916
0.390332
0.626438
0.517729
0.801644
0.65146
0.665023
0.280992
0.273412
0.733916
0.191641
0.616123
0.86411
0.618851
0.532181
0.799614
0.625852
0.636457
0.7114
0.741981
0.612093
0.72915
0.4491
0.62587
0.751934
0.885864
0.700946
0.64084
0.599203
0.66426
0.448608
0.577677
0.693772
0.64105
0.66391
0.723261
0.667314
0.725332
0.688738
0.411702
0.653869
0.70906
0.629869
0.665476
0.702791
0.697093
0.647145
0.664597
0.714496
0.589783
0.530219
0.630901
0.570852
0.695045
0.715741
0.718125
0.507585
0.73756
0.584665
0.696593
0.618001
0.488185
0.470549
0.297542
0.725666
0.671743
0.21273
0.590559
0.730046
0.606969
0.353454
0.71335
0.733207
0.488401
0.511963
0.404591
0.600963
0.673604
0.815822
0.70135
0.581134
0.645481
0.529504
0.888845
0.386156
0.829899
0.520446
0.676721
0.632352
0.517845
0.692616
0.750222
0.724808
0.482165
0.646442
0.815201
0.513129
0.788555
0.627202
0.729524
0.614143
0.434824
0.774564
0.630674
0.810981
0.664518
0.365862
0.368382
0.650549
0.578721
0.607066
0.537822
0.708919
0.692127
0.787553
0.55111
0.609225
0.698472
0.466455
0.649702
0.72538
0.769302
0.706783
0.681256
0.638527
0.634058
0.617309
0.623943
0.424564
0.639929
0.715363
0.639604
0.622681
0.585541
0.672071
0.653445
0.714248
0.802615
0.727742
0.642084
0.747175
0.460078
0.526633
0.651937
0.462968
0.553561
0.548598
0.650696
0.786538
0.444639
0.483033
0.713356
0.629924
0.669947
0.719719
-0.0304631
0.477428
0.461401
0.769295
0.675385
0.642551
0.421639
0.672111
0.509808
0.516892
0.802809
0.633496
0.818853
0.60119
0.649711
0.79294
0.679045
0.520207
0.553194
0.603104
0.552512
0.64745
0.695127
0.72689
0.620406
0.482395
0.671458
0.788965
0.604819
0.727448
0.716765
0.685549
0.464996
0.588319
0.607555
0.816975
0.504014
0.508141
0.714414
0.557112
0.571779
0.436652
0.65178
0.741613
0.671394
0.591633
0.682746
0.781802
0.583523
0.461867
0.585692
0.702901
0.717837
0.553041
0.526623
0.537714
0.501862
0.654211
0.662583
0.746141
0.602729
0.653532
0.799015
-0.0784695
0.836589
0.606035
0.778663
0.783683
0.646205
0.740571
0.731377
0.693934
0.605175
0.755216
0.655319
0.795154
0.491553
0.74776
0.627833
0.429816
0.702391
0.302048
0.521589
0.739768
0.702834
0.665772
0.662523
0.766202
0.674912
0.712765
0.602384
0.636638
0.695059
0.667946
0.795894
0.533696
0.774632
0.707006
0.690719
0.710929
0.612048
0.50681
0.830581
0.6568
0.784253
0.812912
0.694749
0.685534
0.508305
0.739535
0.68399
0.63849
0.697688
0.570513
0.682863
0.771066
0.629701
0.847492
0.532931
0.7192
0.646706
0.710514
0.547397
0.666416
0.594519
0.678252
0.615504
0.768296
0.322225
0.618425
0.617968
0.78554
0.581341
0.549238
0.463252
0.747289
0.625319
0.648391
0.564071
0.684295
0.644302
0.77153
0.689862
0.717196
0.59481
0.662308
0.741963
0.680721
0.741182
0.795938
0.643329
0.703926
0.487612
0.446286
0.611433
0.5766
0.763113
0.519545
0.575807
0.848135
0.682289
0.641703
0.452926
0.772645
0.582696
0.251857
0.690957
0.531574
0.632897
0.882963
0.656267
0.683937
0.461785
0.71376
0.768782
0.705787
0.719616
0.610623
0.774701
0.76723
0.691807
0.545615
0.696866
0.720648
0.749149
0.761347
0.824847
0.762548
0.277986
0.510427
0.576826
0.558281
0.775953
0.722093
0.594232
0.790185
0.591544
0.665818
0.568107
0.623982
0.700789
0.731944
0.696414
0.591521
0.810992
0.515847
0.74168
0.711369
0.459596
0.587449
0.777024
0.706869
0.485113
0.630345
0.701866
0.640989
0.702104
0.648412
0.473258
0.675978
0.57544
0.620011
0.469727
0.239893
0.676656
0.68322
0.723588
0.753401
0.670216
0.428924
0.625062
0.74068
0.791036
0.636015
0.639166
0.639362
0.74089
0.660539
0.664335
0.448495
0.785197
0.320403
0.491001
0.693597
0.536551
0.736434
0.587405
0.616768
0.698207
0.72535
0.514823
0.583953
0.71482
0.60722
0.778934
0.684802
0.717377
0.51108
0.717466
0.768946
0.716554
0.723579
0.672447
0.419678
0.923479
0.433032
0.544745
0.577238
0.724763
0.484701
0.741734
0.550836
0.658641
0.800446
0.679003
0.534116
0.610127
0.772586
0.417255
0.352766
0.697786
0.580317
0.516942
0.572793
0.608341
0.520889
0.755959
0.422593
0.592124
0.635281
0.605712
0.798887
0.726798
0.777777
0.358304
0.43203
0.624095
0.577596
0.729815
0.761327
0.64355
0.684959
0.609881
0.633565
0.341605
0.720217
0.708476
0.730719
0.727556
0.783225
0.555249
0.754472
0.148958
0.70718
0.694746
0.770296
0.664002
0.603265
0.719122
0.569156
0.516911
0.673855
0.685612
0.570632
0.643807
0.205373
0.687887
0.16878
0.714788
0.736709
0.568473
0.651333
0.352378
0.663191
0.688099
0.531976
0.804189
0.51664
0.719967
0.341336
0.607208
0.595018
0.750133
0.592443
0.404316
0.512621
0.518436
0.53659
0.314831
0.57346
0.594704
0.366254
0.23124
0.505219
0.729272
0.570918
0.726053
0.666392
0.82705
0.50731
0.806519
0.636035
0.696332
0.759027
0.668078
0.738556
0.281455
0.591453
0.771801
0.521695
0.720315
0.782408
0.538167
0.551652
0.483343
0.585849
0.431961
0.659314
0.592344
0.6116
0.604064
0.533406
0.709721
0.67602
0.634979
0.673695
0.605561
0.635867
0.676748
0.733869
0.764616
0.607085
0.435873
0.561488
0.57287
0.899261
0.625186
0.519417
0.660196
0.846083
0.640056
0.566658
0.682812
0.752112
0.529185
0.760617
0.444589
0.416049
0.664399
0.640744
0.740085
0.679968
0.53315
0.720265
0.649566
0.511722
0.725818
0.489888
0.459114
0.657717
0.750583
0.699766
0.501948
0.60887
0.676853
0.729586
0.818512
0.695167
0.741993
0.643209
0.444114
0.629468
0.723872
0.530305
0.7759
0.523826
0.611604
0.64023
0.441005
0.466399
0.737052
0.798489
0.455162
0.614091
0.503773
0.571222
0.733671
0.726652
0.670387
0.724445
0.822998
0.767539
0.720738
0.471581
0.748401
0.727984
0.417367
0.776292
0.811259
0.78488
0.61854
0.654189
0.51967
0.590463
0.596826
0.712478
0.751361
0.64978
0.621337
0.421887
0.764842
0.634908
0.644985
0.660744
0.673371
0.512126
0.703721
0.738985
0.596928
0.608996
0.588038
0.836842
0.672395
0.639561
0.726114
0.544906
0.72796
0.734377
0.583894
0.697091
0.563875
0.587156
0.520333
0.704859
0.747216
0.624677
0.789232
0.650449
0.757285
0.784102
0.599993
0.665411
0.508352
0.599487
0.546254
0.766229
0.627626
0.815444
0.686421
0.616495
0.678149
0.883453
0.761405
0.660442
0.63956
0.565028
0.569983
0.763288
0.718295
0.694359
0.919505
0.703082
0.638021
0.662653
0.565406
0.684193
0.77446
0.618997
0.50479
0.656281
0.672598
0.786476
0.562776
0.825339
0.796919
0.468542
0.771253
0.630449
0.595068
0.641336
0.60708
0.70096
0.75758
0.549716
0.534414
0.444641
0.592686
0.466582
0.39269
0.631714
0.662426
0.663817
0.691261
0.611546
0.783337
0.612786
0.742684
0.691275
0.731213
0.644161
0.468281
0.72758
0.588802
0.71351
0.662077
0.46673
0.661624
0.633948
0.694501
0.627778
0.620183
0.701283
0.600645
0.652225
0.686
0.566617
0.505855
0.641238
0.36501
0.664553
0.513244
0.609991
0.519886
0.501343
0.78196
0.736457
0.598714
0.736329
0.544617
0.624032
0.766735
0.7459
0.621385
0.699887
0.669323
0.669492
0.565094
0.666154
0.770261
0.775979
0.709209
0.721286
0.766641
0.643348
0.666525
0.695659
0.639544
0.558175
0.480929
0.662865
0.772335
0.414797
0.680341
0.656699
0.738828
0.778208
0.755431
0.775691
0.530821
0.689589
0.681867
0.856339
0.705724
0.674172
0.735771
0.350597
0.762771
0.640709
0.774261
0.756594
0.747852
0.763944
0.477785
0.582705
0.43142
0.514637
0.598443
0.617823
0.834721
0.704022
0.734407
0.394004
0.544663
0.66636
0.504296
0.545068
0.749101
0.742728
0.725644
0.821906
0.68841
0.588563
0.734117
0.786431
0.209653
0.524375
0.592002
0.554666
0.700718
0.682882
0.447975
0.686527
0.591507
0.726228
0.754846
0.331514
0.599705
0.718634
0.750358
0.731828
0.715483
0.543891
0.771522
0.818453
0.639295
0.72634
0.56816
0.586543
0.805481
0.687341
0.64748
0.724897
0.815539
0.645335
0.779178
0.672998
0.81528
0.43723
0.785931
0.668772
0.507342
0.480498
0.728444
0.470875
0.711189
0.516446
0.720152
0.314906
0.520367
0.584226
0.631478
0.771809
0.744374
0.460404
0.531365
0.404609
0.701155
0.499706
0.62598
0.684831
0.80416
0.779862
0.804818
0.517537
0.677034
0.692497
0.399206
0.614731
0.795856
0.76115
0.448942
0.754637
0.759316
0.766868
0.529183
0.755338
0.477949
0.508742
0.558127
0.664905
0.73263
0.613226
0.691792
0.653231
0.61267
0.676427
0.746755
0.577993
0.265199
0.635588
0.47081
0.417942
0.63439
0.63721
0.392347
0.559458
0.643179
0.687465
0.696518
0.701535
0.653656
0.773482
0.710065
0.699756
0.584663
0.709979
0.208709
0.595309
0.571103
0.308122
0.572934
0.644541
0.546509
0.485635
0.810174
0.62195
0.554911
0.644798
0.625693
0.735254
0.570688
0.763095
0.779983
0.810854
0.729444
0.691689
0.599514
0.68963
0.770979
0.622211
0.584864
0.456458
0.725013
0.788709
0.658758
0.812157
0.396031
0.686278
0.656255
0.783402
0.800541
0.771098
0.700445
0.788932
0.684504
0.707454
0.747439
0.641847
0.502714
0.594449
0.73999
0.398365
0.698433
0.69946
0.566731
0.758878
0.634152
0.591102
0.603781
0.655623
0.559245
0.693736
0.697348
0.605612
0.6329
0.860728
0.770129
0.565672
0.736259
0.682084
0.731686
0.660315
0.785972
0.562798
0.546422
0.740079
0.817901
0.732332
0.70721
0.680062
0.684449
0.700511
0.639012
0.680978
0.634591
0.588346
0.517337
0.805191
0.603025
0.526085
0.655937
0.754464
0.499739
0.677427
0.544894
0.605452
0.221033
0.734724
0.698807
0.58748
0.387972
0.668473
0.490864
0.692003
0.820552
0.695013
0.279768
0.811996
0.759694
0.181136
0.698093
0.472689
0.577536
0.655584
0.542002
0.667454
0.773386
0.739228
0.421609
0.630724
0.538449
0.687811
0.636997
0.557571
0.654589
0.637994
0.68024
0.723504
0.65606
0.737667
0.727388
0.731407
0.726741
0.604696
0.752015
0.655833
0.3052
0.769393
0.656225
0.502633
0.624566
0.66326
0.831989
0.825084
0.62482
0.514802
0.557006
0.548008
0.794263
0.674846
0.672888
0.453253
0.669514
0.682344
0.46641
0.797651
0.552278
0.378609
0.719067
0.691753
0.711131
0.751141
0.653051
0.655341
0.564363
0.603675
0.832864
0.72327
0.625918
0.493021
0.712152
0.766739
0.644173
0.745807
0.542673
0.555487
0.744847
0.619112
0.754088
0.666683
0.699077
0.67036
0.712206
0.628938
0.858824
0.715451
0.783186
0.576243
0.644108
0.806743
0.670177
0.764505
0.610539
0.558308
0.561643
0.850197
0.351818
0.697343
0.5901
0.749084
0.428199
0.723044
0.617346
0.220581
0.222903
0.756235
0.793421
0.779532
0.187772
0.654303
0.430952
0.478398
0.311101
0.710168
0.16023
0.715474
0.630933
0.651378
0.644524
0.500289
0.515769
0.734352
0.614081
0.371395
0.63742
0.646505
0.519918
0.762201
0.553511
0.659286
0.689926
0.614817
0.659149
0.325555
0.45481
0.817568
0.553877
0.685131
0.615756
0.704204
0.539535
0.445256
0.606513
0.724741
0.548009
0.668947
0.695955
0.498929
0.528829
0.733671
0.75227
0.795825
0.741062
0.765324
0.83808
0.829739
0.618252
0.732599
0.729167
0.768405
0.504317
0.609985
0.489249
0.598756
0.490265
0.787828
0.704947
0.548505
0.695736
0.63628
0.703433
0.657098
0.618345
0.541159
0.653224
0.80999
0.761122
0.380579
0.769819
0.791427
0.68637
0.654955
0.74467
0.560408
0.635595
0.620499
0.809378
0.813187
0.660999
0.623104
0.779003
0.608783
0.62025
0.732467
0.713367
0.72162
0.658807
0.67742
0.635002
0.743724
0.716063
0.729566
0.540762
0.579324
0.772856
0.764966
0.719174
0.51984
0.594425
0.705793
0.718527
0.574994
0.675983
0.389747
0.782473
0.567186
0.609281
0.727397
0.766539
0.611116
0.503963
0.789542
0.725144
0.559758
0.573966
0.8286
0.693715
0.659311
0.813423
0.702549
0.71942
0.848004
0.784436
0.75439
0.5628
0.721564
0.694858
0.614763
0.723813
0.671544
0.23649
0.443276
0.641979
0.551661
0.638236
0.584681
0.733751
0.616853
0.739158
0.581484
0.656547
0.72037
0.662006
0.595343
0.590063
0.471403
0.733809
0.605337
0.644703
0.641189
0.611331
0.44103
0.439345
0.818755
0.624939
0.671604
0.739408
0.671486
0.40511
0.507201
0.587025
0.632644
0.614144
0.668187
0.862757
0.687988
0.517597
0.662689
0.815184
0.699412
0.468244
0.453899
0.729691
0.714167
0.816399
0.741237
0.289177
0.616638
0.501617
0.787472
0.801927
0.60899
0.619614
0.755751
0.490123
0.684868
0.669975
0.626307
0.639604
0.518535
0.507013
0.679493
0.433684
0.653047
0.62082
0.772282
0.772046
0.575834
0.685105
0.670298
0.617899
0.553523
0.594578
0.732677
0.412802
0.788072
0.668305
0.757491
0.691883
0.555847
0.617729
0.689009
0.712354
0.766977
0.896609
0.691418
0.66348
0.740272
0.742074
0.570132
0.659618
0.721559
0.726159
0.681474
0.764656
0.610362
0.518155
0.618867
0.73549
0.72098
0.794815
0.657092
0.689463
0.762662
0.641004
0.747422
0.790089
0.750413
0.348372
0.567476
0.686367
0.478644
0.526321
0.674967
0.668535
0.718106
0.548701
0.518289
0.621686
0.237105
0.428688
0.67447
0.665807
0.793724
0.854822
0.674602
0.442776
0.6713
0.701921
0.514666
0.703264
0.653456
0.49837
0.811084
0.563056
0.499498
0.797917
0.736295
0.675836
0.594595
0.655888
0.596445
0.780825
0.695619
0.857849
0.721221
0.718889
0.673761
0.608506
0.63279
0.363313
0.447033
0.61498
0.685092
0.567152
0.598083
0.799675
0.688538
0.439931
0.655715
0.711427
0.730737
0.648785
0.569044
0.610667
0.778889
0.479707
0.671703
0.730709
0.707339
0.716099
0.300523
0.559262
0.748532
0.729566
0.75542
0.626457
0.458021
0.676398
0.480904
0.652718
0.790769
0.776406
0.708497
0.744871
0.720128
0.760003
0.611307
0.867666
0.7956
0.748193
0.65304
0.54152
0.617125
0.515739
0.672548
0.578928
0.814997
0.725512
0.710701
0.719473
0.39059
0.730105
0.751584
0.664717
0.319845
0.505831
0.598406
0.546934
0.687257
0.701436
0.465946
0.589282
0.78438
0.390994
0.741226
0.607618
0.579836
0.686771
0.672048
0.327053
0.629683
0.668885
0.613432
0.808779
0.560101
0.669746
0.0174039
0.737911
0.408826
0.607799
0.667353
0.72042
0.648462
0.627799
0.619494
0.734104
0.3822
0.641343
0.803818
0.619663
0.446798
0.667126
0.400806
0.677803
0.536642
0.721611
0.378577
0.188027
0.737499
0.646469
0.60799
0.694426
0.242087
0.675808
0.795947
0.105605
0.692374
0.850265
0.683072
0.632503
0.699794
0.752523
0.715329
0.376834
0.773598
0.652775
0.602832
0.772882
0.478348
0.616179
0.76125
0.77887
0.82227
0.758456
0.438871
0.700099
0.565409
0.655485
0.61484
0.681614
0.495351
0.67546
0.671827
0.489199
0.660319
0.790364
0.620834
0.73629
0.58191
0.826825
0.705016
0.672841
0.859778
0.705491
0.683025
0.645431
0.887176
0.737141
0.644477
0.716111
0.768854
0.544996
0.691301
0.665506
0.784184
0.727142
0.642605
0.753614
0.612769
0.596705
0.538302
0.45343
0.681683
0.612658
0.765814
0.668207
0.686553
0.783981
0.736418
0.615926
0.806925
0.382089
0.736823
0.705952
0.589409
0.73084
0.727613
0.536985
0.602801
0.552283
0.503043
0.708718
0.796923
0.527699
0.778352
0.589556
0.695478
0.499014
0.726417
0.844408
0.561047
0.506446
0.63429
0.653633
0.54654
0.785611
0.704869
0.535754
0.660936
0.546598
0.539615
0.711274
0.661992
0.525348
0.61652
0.6245
0.753361
0.761879
0.732662
0.671541
0.610338
0.746247
0.589946
0.664726
0.496901
0.635073
0.773928
0.802717
0.537068
0.681333
0.419567
0.607638
0.732049
0.676941
0.584215
0.597523
0.551162
0.76393
0.693548
0.682634
0.332052
0.70535
0.549049
0.357843
0.83717
0.735235
0.48529
0.714166
0.772969
0.52621
0.723969
0.130258
0.302918
0.633477
0.672122
0.673961
0.525637
0.630655
0.7684
0.665686
0.72317
0.644664
0.67831
0.64695
0.736925
0.6327
0.434927
0.61095
0.741599
0.41566
0.621846
0.619527
0.630493
0.45251
0.563904
0.510415
0.486371
0.567707
0.659182
0.71896
0.678679
0.709222
0.682825
0.513907
0.696846
0.442827
0.61815
0.439401
0.626862
0.81838
0.720052
0.746972
0.575789
0.633039
0.729449
0.602469
0.746924
0.417127
0.611837
0.645688
0.612673
0.453676
0.66876
0.790604
0.781796
0.704526
0.692049
0.750832
0.681584
0.68425
0.584664
0.680637
0.624852
0.813492
0.693188
0.508032
0.401519
0.634069
0.61319
0.719079
0.636191
0.413376
0.768734
0.720093
0.676599
0.206204
0.600133
0.689883
0.555819
0.683758
0.667725
0.768641
0.417248
0.547945
0.702626
0.704227
0.54695
0.644649
0.687271
0.605802
0.593353
0.777848
0.776446
0.670734
0.771602
0.764402
0.816421
0.517951
0.443469
0.614557
0.571872
0.815874
0.631555
0.344892
0.633391
0.790772
0.664851
0.701855
0.767744
0.719601
0.592207
0.63732
0.614418
0.752885
0.496712
0.55253
0.692338
0.661099
0.757788
0.685008
0.771836
0.326114
0.791113
0.757253
0.642806
0.608367
0.848245
0.573723
0.809674
0.604798
0.593122
0.546127
0.714078
0.556383
0.442313
0.439754
0.478917
0.793789
0.64286
0.509738
0.737982
0.675636
0.688829
0.701568
0.729443
0.730709
0.749819
0.759207
0.686546
0.673667
0.528767
0.775248
0.704389
0.738227
0.835119
0.647511
0.636162
0.545692
0.695732
0.589046
0.631566
0.531467
0.505224
0.788609
0.387517
0.715991
0.512695
0.345159
0.615636
0.768869
0.656823
0.604823
0.322528
0.762818
0.628849
0.801372
0.658243
0.726961
0.512293
0.704871
0.621474
0.705217
0.748475
0.641919
0.573088
0.738652
0.5487
0.608169
0.665951
0.716115
0.644798
0.82797
0.710146
0.763911
0.679321
0.450787
0.748109
0.793684
0.447656
0.424993
0.679613
0.523452
0.564159
0.304643
0.781912
0.542442
0.604955
0.461838
0.864161
0.632236
0.539607
0.87001
0.527345
0.624438
0.752503
0.714335
0.651158
0.71229
0.816357
0.789154
0.682244
0.638895
0.557705
0.736705
0.306289
0.606217
0.498118
0.562457
0.662273
0.66373
0.744291
0.507221
0.608125
0.771236
0.254852
0.577108
0.470652
0.591922
0.52993
0.770676
0.751514
0.646375
0.804266
0.637364
0.358197
0.705158
0.527612
0.645863
0.828771
0.653978
0.217392
0.73871
0.702731
0.724643
0.676954
0.590858
0.399608
0.759156
0.692939
0.789466
0.409242
0.728683
0.687563
0.786511
0.55987
0.828327
0.840876
0.791183
0.649386
0.691088
0.657681
0.727721
0.7965
0.703758
0.768158
0.556982
0.688732
0.680603
0.661739
0.672981
0.85772
0.588739
0.667425
0.641049
0.503406
0.597972
0.531773
0.422493
0.77218
0.554109
0.602371
0.266788
0.529927
0.683366
0.765125
0.765322
0.821251
0.718103
0.687222
0.527766
0.336237
0.696052
0.664429
0.781885
0.510481
0.715064
0.435443
0.7454
0.802422
0.650045
0.51236
0.558603
0.708739
0.767743
0.608016
0.6077
0.818926
0.712059
0.561148
0.690392
0.599883
0.384269
0.55809
0.68564
0.461309
0.619695
0.677495
0.677532
0.840464
0.762066
0.811695
0.777102
0.766816
0.596411
0.50215
0.84715
0.510362
0.34259
0.797541
0.814406
0.556539
0.747253
0.524588
0.749086
0.644718
0.501236
0.60367
0.647885
0.698111
0.353436
0.659656
0.575837
0.708785
0.74927
0.68024
0.776644
0.834182
0.483789
0.802867
0.41355
0.823615
0.665787
0.684147
0.659876
0.75116
0.6017
0.608528
0.716743
0.606666
0.728542
0.711281
0.461642
0.437584
0.584535
0.563515
0.694674
0.65667
0.67824
0.616377
0.787989
0.693601
0.694559
0.638046
0.426648
0.803597
0.598933
0.610034
0.653109
0.627565
0.588007
0.540014
0.706187
0.359629
0.830127
0.842291
0.654387
0.807382
0.694968
0.447759
0.486437
0.685243
0.782004
0.777282
0.666477
0.731655
0.406951
0.699667
0.507723
0.740145
0.737701
0.740948
0.75018
0.858216
0.659349
0.655387
0.763919
0.669545
0.482391
0.684084
0.307983
0.749731
0.63928
0.751571
0.61928
0.756939
0.555838
0.546889
0.675456
0.683929
0.719104
0.748047
0.819292
0.809597
0.707474
0.606386
0.755396
0.534649
0.542977
0.655307
0.549315
0.718012
0.59038
0.689659
0.567404
0.71949
0.667897
0.666998
0.438059
0.676623
0.622809
0.703281
0.605437
0.735499
0.758869
0.545136
0.58844
0.762761
0.691806
0.762307
0.668707
0.587152
0.486203
0.780224
0.792737
0.798768
0.747686
0.660815
0.581712
0.682245
0.799788
0.72295
0.745488
0.666516
0.63624
0.712332
0.688716
0.791054
0.696541
0.717299
0.487461
0.55634
0.482122
0.649242
0.725587
0.451573
0.71045
0.62804
0.731118
0.728366
0.643104
0.502202
0.723099
0.409313
0.227249
0.743655
0.751196
0.750235
0.834801
0.752354
0.692012
0.499191
0.722327
0.61355
0.623595
0.573944
0.480081
0.778352
0.847002
0.656957
0.62708
0.600468
0.57965
0.64074
0.821739
0.575459
0.748787
0.50086
0.643473
0.62049
0.503017
0.791357
0.520549
0.693788
0.735387
0.792258
0.808672
0.752003
0.791235
0.681106
0.775169
0.670312
0.569653
0.870223
0.714377
0.624026
0.775251
0.790158
0.540015
0.610754
0.739854
0.758681
0.592566
0.701382
0.679833
0.618544
0.650956
0.727222
0.565388
0.589895
0.362666
0.660675
0.837299
0.80122
0.788825
0.632518
0.699698
0.755692
0.591347
0.728054
0.709264
0.706797
0.736909
0.605761
0.701072
0.838618
0.714544
0.635317
0.567003
-0.0129833
0.51029
0.714587
0.775537
0.659036
0.493762
0.665377
0.69592
0.600026
0.763229
0.705846
0.797129
0.67749
0.684281
0.775819
0.659712
0.825894
0.661951
0.684776
0.450045
0.714047
0.659059
0.617533
0.761326
0.586489
0.608317
0.822005
0.847143
0.501376
0.77717
0.806223
0.750656
0.665288
0.743916
0.73861
0.786174
0.706414
0.695187
0.788555
0.776817
0.764268
0.584164
0.781454
0.464542
0.675014
0.676521
0.566253
0.462204
0.701723
0.62471
0.639998
0.492982
0.733099
0.660269
0.403895
0.560898
0.784069
0.54959
0.700523
0.536385
0.447426
0.456893
0.724601
0.760026
0.741309
0.66019
0.557097
0.767143
0.607672
0.674476
0.5326
0.588003
0.638284
0.474986
0.699335
0.576167
0.755742
0.748238
0.71335
0.632952
0.765069
0.497052
0.603978
0.764588
0.83722
0.721075
0.799422
0.680904
0.645744
0.359622
0.41512
0.716085
0.591017
0.745987
0.871415
0.551939
0.696416
0.47986
0.638576
0.532871
0.628744
0.649605
0.560835
0.656487
0.556529
0.71181
0.772791
0.384503
0.424235
0.615014
0.549664
0.477878
0.473879
0.750637
0.730205
0.531848
0.546177
0.759841
0.700008
0.630784
0.611445
0.407791
0.660853
0.555078
0.64777
0.748448
0.174584
0.595871
0.56598
0.232185
0.636647
0.770771
0.736264
0.501938
0.729229
0.772428
0.555944
0.720654
0.695866
0.667417
0.518237
0.627092
0.540634
0.587647
0.698082
0.572551
0.668971
0.721161
0.813723
0.557338
0.727878
0.776371
0.484453
0.630734
0.585217
0.50577
0.629348
0.601478
0.460029
0.715871
0.779058
0.760784
0.715844
0.741178
0.606906
0.500463
0.703508
0.589128
0.694655
0.78838
0.765075
0.661221
0.683427
0.727823
0.735402
0.695349
0.699908
0.65358
0.631271
0.58146
0.739213
0.703985
0.61969
0.709392
0.442229
0.778928
0.597015
0.736557
0.605187
0.828282
0.717994
0.759199
0.503476
0.684856
0.745587
0.704717
0.414134
0.681818
0.768558
0.652434
0.498391
0.739792
0.386148
0.690928
0.592377
0.598821
0.662097
0.141862
0.632778
0.812822
0.72415
0.705065
0.685386
0.646073
0.465269
0.52965
0.60901
0.631714
0.591836
0.816361
0.504462
0.764595
0.788483
0.590296
0.689788
0.61128
0.686231
0.622427
0.509795
0.607051
0.829785
0.668769
0.735972
0.657984
0.567776
0.799307
0.480533
0.529318
0.432651
0.701094
0.555026
0.784692
0.654757
0.384483
0.841186
0.70436
0.532724
0.593337
0.45911
0.795634
0.65867
0.688569
0.383675
0.637596
0.823542
0.717433
0.723336
0.495349
0.789923
0.584302
0.67874
0.566722
0.705667
0.576854
0.540678
0.549235
0.625709
0.473538
0.596111
0.709405
0.652951
0.666402
0.525832
0.621132
0.732547
0.732732
0.632511
0.763111
0.544329
0.65046
0.567102
0.744849
0.727099
0.499499
0.708271
0.678073
0.591286
0.734117
0.583818
0.57844
0.598187
0.695199
0.729639
0.679452
0.648185
0.60002
0.625681
0.609285
0.7071
0.549887
0.68282
0.759312
0.683617
0.61749
0.600376
0.68814
0.730902
0.64275
0.618797
0.577419
0.732364
0.625783
0.480762
0.601183
0.56237
0.750524
0.691316
0.648884
0.459752
0.515539
0.521272
0.674309
0.396445
0.785918
0.577146
0.280897
0.629162
0.69604
0.75435
0.649956
0.626437
0.698411
0.797649
0.613007
0.837578
0.72631
0.659505
0.712508
0.622117
0.416932
0.379283
0.787505
0.636235
0.625285
0.45584
0.60785
0.659793
0.675527
0.544161
0.823194
0.658347
0.699323
0.626988
0.806064
0.287662
0.761472
0.815685
0.655518
0.428928
0.762467
0.756349
0.520491
0.466125
0.478324
0.755868
0.716954
0.600715
0.79731
0.621207
0.710735
0.582483
0.730842
0.748263
0.749032
0.782675
0.628562
0.628009
0.699983
0.655984
0.748646
0.70102
0.433794
0.765514
0.597231
0.677357
0.676015
0.677613
0.520521
0.700554
0.677188
0.605441
0.565078
0.518456
0.691091
0.864968
0.615972
0.660597
0.474034
0.51728
0.646373
0.655404
0.737216
0.743351
0.329125
0.809952
0.636568
0.708613
0.623847
0.679475
0.463541
0.762859
0.762882
0.369567
0.732811
0.60002
0.662473
0.664498
0.783331
0.278965
0.56859
0.794595
0.816952
0.640602
0.644156
0.729904
0.373919
0.672973
0.721791
0.671014
0.759488
0.423652
0.25871
0.789962
0.620193
0.606756
0.647376
0.607721
0.699345
0.784967
0.541185
0.610022
0.876255
0.817424
0.66708
0.728847
0.547354
0.808826
0.793047
0.609588
0.74321
0.748921
0.646425
0.463869
0.746013
0.691699
0.744455
0.805714
0.577543
0.798515
0.460181
0.649709
0.565506
0.417302
0.621156
0.730093
0.640405
0.644601
0.765325
0.621037
0.557532
0.831603
0.744977
0.678927
0.722661
0.715545
0.674621
0.754346
0.596717
0.805662
0.563012
0.272823
0.618811
0.493378
0.848076
0.81137
0.711263
0.550112
0.760623
0.441161
0.637157
0.572322
0.618509
0.656544
0.707237
0.683175
0.480523
0.619745
0.718634
0.707751
0.509033
0.394266
0.81234
0.529585
0.548758
0.452166
0.588753
0.404746
0.781934
0.644703
0.158018
0.648914
0.804455
0.405453
0.557208
0.668949
0.705753
0.778093
0.69152
0.678972
0.842633
0.816981
0.620102
0.807369
0.519525
0.800354
0.651535
0.730096
0.591387
0.712051
0.702445
0.59047
0.397197
0.573832
0.68996
0.664537
0.503847
0.685884
0.649245
0.562943
0.591328
0.776083
0.688287
0.706491
0.642709
0.644636
0.671644
0.212122
0.574739
0.46875
0.574727
0.57167
0.801812
0.79385
0.729135
0.654
0.419713
0.577124
0.746173
0.597341
0.513197
0.676615
0.707133
0.4945
0.764875
0.634534
0.700641
0.434595
0.243752
0.630446
0.726235
0.407068
0.581524
0.730192
0.643705
0.494187
0.685268
0.591823
0.720112
0.495467
0.774153
0.640438
0.714708
0.803694
0.568339
0.686139
0.506486
0.717743
0.309833
0.83406
0.476049
0.744197
0.690835
0.808788
0.761233
0.731153
0.555739
0.680761
0.592226
0.616816
0.564859
0.852205
0.698971
0.703724
0.59493
0.653032
0.640904
0.450419
0.620965
0.459773
0.296827
0.781968
0.0514126
0.647922
0.852164
0.774271
0.6174
0.642641
0.760599
0.661302
0.674264
0.561063
0.746881
0.762149
0.73598
0.733253
0.770927
0.611477
0.611064
0.755331
0.64512
0.333395
0.723193
0.58384
0.673584
0.717783
0.523896
0.800166
0.753246
0.634258
0.625374
0.729291
0.555656
0.853045
0.509581
0.706781
0.717328
0.554411
0.72858
0.290302
0.853393
0.473199
0.548335
0.626108
0.80165
0.693384
0.616003
0.778897
0.60333
0.76206
0.760383
0.697828
0.68479
0.544376
0.740899
0.500985
0.669007
0.775385
0.64458
0.674845
0.584312
0.729649
0.633633
0.650196
0.728572
0.735514
0.464099
0.760778
0.802283
0.748383
0.812738
0.685559
0.580371
0.625352
0.682125
0.728255
0.594033
0.500528
0.737707
0.634148
0.633009
0.751273
0.707161
0.597669
0.614258
0.729379
0.667447
0.580946
0.623722
0.699033
0.749561
0.692799
0.620532
0.551774
0.734733
0.686592
0.498694
0.880182
0.604931
0.679087
0.655507
0.633558
0.807154
0.582369
0.721661
0.435334
0.566054
0.639889
0.696613
0.38446
0.784254
0.59719
0.418512
0.659634
0.535155
0.493632
0.500271
0.58981
0.7913
0.426218
0.580249
0.748326
0.543629
0.687552
0.530732
0.425918
0.397162
0.570873
0.708098
0.846779
0.752086
0.496147
0.797194
0.727733
0.560538
0.758975
0.370768
0.723856
0.430801
0.644654
0.706517
0.642379
0.66742
0.711072
0.60978
0.671098
0.680451
0.6255
0.598189
0.704096
0.780952
0.641479
0.738289
0.722904
0.713108
0.44978
0.588981
0.525115
0.774483
0.691235
0.791982
0.771984
0.675895
0.796242
0.771111
0.615899
0.143303
0.68065
0.681426
0.396439
0.607799
0.339504
0.79003
0.729997
0.515209
0.822202
0.345021
0.580892
0.462389
0.73404
0.602958
0.668901
0.632858
0.625541
0.844833
0.765826
0.576863
0.747136
0.544064
0.685245
0.832785
0.405988
0.743561
0.771699
0.681137
0.792521
0.796196
0.650486
0.800421
0.257137
0.564554
0.608291
0.619277
0.704464
0.45055
0.533033
0.53597
0.707812
0.836593
0.72949
0.55434
0.723917
0.546055
0.698483
0.61451
0.637099
0.73159
0.606125
0.506555
0.839186
0.519267
0.762915
0.541323
0.667138
0.778859
0.693941
0.784225
0.715941
0.687876
0.781296
0.775999
0.37804
0.689823
0.707735
0.321756
0.640767
0.369438
0.754361
0.725225
0.543281
0.509444
0.576593
0.750807
0.728372
0.542349
0.595676
0.696092
0.753444
0.389646
0.603381
0.795135
0.476098
0.512637
0.714372
0.70383
0.458406
0.714609
0.619502
0.68714
0.546514
0.663267
0.277723
0.689402
0.494041
0.758703
0.645418
0.717738
0.666158
0.492238
0.536862
0.620897
0.838303
0.480996
0.665666
0.568135
0.82031
0.327532
0.799568
0.549753
0.658628
0.862942
0.483878
0.696948
0.658899
0.607545
0.599949
0.646754
0.734028
0.772144
0.731669
0.784455
0.808346
0.595316
0.401914
0.697862
0.784276
0.602922
0.603408
0.637858
0.634442
0.768924
0.610515
0.320706
0.518915
0.812769
0.44756
0.769389
0.598367
0.6763
0.780622
0.696265
0.582159
0.745216
0.633611
0.758141
0.540985
0.661095
0.801983
0.259068
0.703944
0.722469
0.470152
0.663529
0.613367
0.556728
0.713901
0.750762
0.502696
0.764881
0.768481
0.566202
0.576663
0.681225
0.705697
0.380645
0.774042
0.619072
0.683013
0.60743
0.766625
0.806373
0.765812
0.750392
0.656157
0.708859
0.563488
0.59183
0.390469
0.674311
0.769647
0.749588
0.535017
0.613114
0.530361
0.691465
0.525687
0.804599
0.719192
0.657482
0.305109
0.624426
0.490949
0.567132
0.729806
0.644494
0.827645
0.743221
0.596049
0.687327
0.418729
0.665521
0.443287
0.720105
0.682563
0.743214
0.427235
0.778595
0.724002
0.811906
0.442062
0.580715
0.578973
0.531549
0.834573
0.688136
0.818998
0.60943
0.672299
0.629429
0.763991
0.633272
0.720975
0.466645
0.786046
0.573694
0.655603
0.669857
0.691913
0.671076
0.525987
0.796061
0.464465
0.668325
0.641844
0.450927
0.79745
0.729091
0.301016
0.757947
0.632066
0.540568
0.8365
0.59613
0.726142
0.41079
0.738731
0.586344
0.69416
0.570851
0.498558
0.678198
0.347758
0.408188
0.727937
0.667403
0.64995
0.397729
0.621363
0.739251
0.632726
0.739431
0.772826
0.719636
0.68183
0.701506
0.673597
0.874265
0.578752
0.749928
0.684923
0.440754
0.764283
0.752323
0.522137
0.552611
0.555658
0.619037
0.739521
0.609552
0.649909
0.659403
0.653911
0.639685
0.598313
0.548877
0.560749
0.784236
0.413815
0.576243
0.488236
0.719264
0.840614
0.733001
0.750844
0.541725
0.759833
0.877056
0.494317
0.814852
0.67673
0.641091
0.505552
0.589916
0.641692
0.628568
0.720462
0.40433
0.669539
0.875808
0.60508
0.794164
0.528591
0.671142
0.623882
0.861588
0.442371
0.529251
0.79645
0.577247
0.714325
0.517454
0.275257
0.804363
0.718257
0.704392
0.831303
0.469557
0.643682
0.6841
0.704778
0.637361
0.59727
0.680449
0.714134
0.702606
0.37458
0.582342
0.650251
0.702223
0.618148
0.632746
0.85781
0.656385
0.787901
0.793204
0.642976
0.810723
0.581526
0.651371
0.636784
0.562561
0.660707
0.694815
0.605612
0.720749
0.436717
0.716555
0.676002
0.66295
0.611565
0.358087
0.49187
0.413313
0.544993
0.565842
0.647873
0.688894
0.645455
0.763408
0.620081
0.618456
0.572647
0.543034
0.437525
0.706036
0.7445
0.73851
0.42608
0.788919
0.708841
0.593898
0.704291
0.508572
0.617549
0.603781
0.791889
0.642649
0.504528
0.751974
0.488588
0.522967
0.787658
0.611133
0.731847
0.359055
0.667155
0.801678
0.7604
0.333892
0.289732
0.720769
0.775129
0.735166
0.567323
0.686907
0.648899
0.784891
0.685435
0.76476
0.513499
0.589062
0.584851
0.528679
0.795901
0.79706
0.620762
0.477903
0.744301
0.665137
0.66899
0.576922
0.596183
0.76078
0.637197
0.650553
0.594493
0.31713
0.499321
0.699279
0.882813
0.736665
0.519021
0.627106
0.848576
0.589595
0.539983
0.758965
0.452971
0.546277
0.693593
0.708272
0.693279
0.604478
0.64627
0.582948
0.641439
0.50414
0.730125
0.633334
0.578333
0.675568
0.332591
0.562614
0.613021
0.569705
0.709804
0.631688
0.745647
0.831364
0.786782
0.620579
0.722933
0.729732
0.5625
0.865159
0.689886
0.79935
0.70411
0.768288
0.664879
0.698522
0.684553
0.606512
0.708193
0.73287
0.393541
0.720339
0.381421
0.688907
0.778152
0.837768
0.788576
0.65176
0.699612
0.477964
0.632553
0.705622
0.761246
0.783909
0.575991
0.561483
0.659347
0.569124
0.675463
0.604291
0.656678
0.638167
0.644201
0.580308
0.610362
0.877605
0.704864
0.735844
0.775943
0.650956
0.616586
0.479693
0.752013
0.575192
0.686123
0.812717
0.539373
0.785241
0.802779
0.675187
0.69529
0.399456
0.329509
0.612754
0.657443
0.666306
0.691981
0.717561
0.592949
0.695024
0.479267
0.407186
0.693575
0.538095
0.706961
0.529777
0.585785
0.703298
0.724403
0.757667
0.690293
0.606369
0.60482
0.524353
0.467766
0.716627
0.732604
0.295912
0.596285
0.606174
0.755577
0.626197
0.703463
0.37748
0.688027
0.745217
0.344132
0.706307
0.661525
0.802051
0.588989
0.809806
0.725531
0.471823
0.825099
0.767688
0.738748
0.722097
0.728323
0.0828433
0.700704
0.582486
0.827201
0.708513
0.779048
0.539949
0.562244
0.638939
0.775472
0.705761
0.694075
0.723777
0.628017
0.561344
0.81924
0.78498
0.58158
0.582237
0.661509
0.516782
0.554194
0.446834
0.777119
0.766953
0.654628
0.69435
0.573226
0.701227
0.667225
0.672219
0.717717
0.724425
0.49238
0.557763
0.412871
0.747897
0.785476
0.654054
0.692884
0.675759
0.832668
0.779413
0.662879
0.718475
0.72561
0.590065
0.565598
0.813598
0.536089
0.654747
0.79627
0.550649
0.727765
0.854388
0.70961
0.732717
0.458191
0.75133
0.628297
0.35212
0.689407
0.781652
0.551404
0.751701
0.249486
0.606497
0.590916
0.733614
0.561423
0.715943
0.486852
0.543939
0.642492
0.562781
0.530041
0.769263
0.715616
0.749683
0.664119
0.730455
0.648328
0.620899
0.743285
0.681842
0.740439
0.746208
0.741331
0.681092
0.809543
0.583444
0.765072
0.830881
0.552293
0.588649
0.72946
0.694203
0.731966
0.334557
0.758329
0.634867
0.775034
0.609214
0.642686
0.538698
0.754413
0.433553
0.57125
0.528875
0.613108
0.721684
0.729679
0.685366
0.61233
0.58584
0.57339
0.720561
0.72176
0.823022
0.631663
0.656861
0.17849
0.671676
0.687237
0.703238
0.828006
0.642947
0.881852
0.84233
0.610489
0.462145
0.696934
0.640037
0.604499
0.785016
0.626632
0.502328
0.690821
0.650419
0.290498
0.61606
0.823057
0.610772
0.413346
0.59314
0.719969
0.442343
0.712936
0.80224
0.716123
0.750011
0.701625
0.45084
0.667106
0.800223
0.591959
0.602321
0.741276
0.531797
0.363075
0.479929
0.562686
0.762824
0.491203
0.586097
0.742099
0.516471
0.773225
0.671992
0.721664
0.545943
0.340307
0.660994
0.783963
0.628885
0.522621
0.745798
0.637376
0.653448
0.473858
0.685394
0.696685
0.446517
0.656083
0.627406
0.30948
0.736816
0.644412
0.604635
0.572254
0.629877
0.709834
0.583552
0.730244
0.772578
0.663734
0.592998
0.559365
0.58321
0.716563
0.597584
0.551921
0.829132
0.651079
0.474937
0.614106
0.656155
0.77824
0.502543
0.7969
0.380636
0.680877
0.544502
0.720586
0.607319
0.615781
0.610203
0.475988
0.582246
0.764476
-0.0714492
0.641924
0.724688
0.735721
0.775699
0.532667
0.713929
0.687273
0.674579
0.808753
0.480851
0.675291
0.686998
0.628575
0.650315
0.59422
0.798865
0.68803
0.472829
0.740758
0.540715
0.69036
0.637687
0.671559
0.431206
0.716551
0.720501
0.622277
0.428055
0.606001
0.753128
0.681743
0.616326
0.647253
0.548569
0.569983
0.709097
0.700385
0.557602
0.515814
0.555151
0.782538
0.652389
0.67588
0.691111
0.384602
0.525133
0.731936
0.472204
0.40879
0.778821
0.657579
0.652525
0.39698
0.640272
0.36575
0.697308
0.682038
0.710849
0.795166
0.726526
0.58768
0.683129
0.744716
0.624232
0.753156
0.700975
0.445863
0.791379
0.706902
0.668674
0.290967
0.701518
0.788442
0.623299
0.467669
0.799343
0.750038
0.570124
0.498809
0.656765
0.824153
0.785036
0.669279
0.756939
0.875276
0.597125
0.707213
0.631923
0.678436
0.542119
0.676181
0.719053
0.590386
0.489839
0.77811
0.52308
0.759346
0.603243
0.634862
0.653724
0.756075
0.719619
0.714161
0.36267
0.68175
0.579433
0.709045
0.858525
0.552373
0.68079
0.343041
0.79145
0.635636
0.716402
0.592256
0.62345
0.706805
0.704772
0.6774
0.696554
0.587741
0.672464
0.657725
0.724628
0.586734
0.680813
0.570394
0.6048
0.450116
0.640728
0.716833
0.451928
0.763453
0.653647
0.558928
0.692547
0.736291
0.705031
0.49563
0.376986
0.615016
0.600614
0.853048
0.692969
0.359314
0.726391
0.515039
0.576355
0.631948
0.793594
0.721667
0.794851
0.694072
0.804082
0.641516
0.668606
0.75111
0.788058
0.616188
0.540233
0.706145
0.627153
0.649098
0.454095
0.614635
0.598335
0.8019
0.648355
0.486974
0.658585
0.537689
0.686646
0.748707
0.676883
0.522449
0.513038
0.668577
0.736889
0.742231
0.31385
0.668736
0.662949
0.701668
0.658279
0.740721
0.320703
0.291364
0.803759
0.378709
0.742923
0.792929
0.495639
0.648863
0.561447
0.757803
0.281838
0.54696
0.586503
0.730874
0.734095
0.558174
0.573193
0.642909
0.775099
0.778963
0.446438
0.832098
0.595152
0.733695
0.607487
0.728808
0.57896
0.753846
0.700749
0.529769
0.274202
0.748064
0.604496
0.770342
0.82417
0.4821
0.745784
0.644183
0.735315
0.545174
0.489051
0.780772
0.442406
0.649979
0.584232
0.685622
0.577497
0.823075
0.640938
0.711594
0.633635
0.412233
0.686539
0.539327
0.747735
0.770676
0.320474
0.70713
0.741232
0.635976
0.645958
0.654372
0.864384
0.290201
0.274609
0.71865
0.643925
0.592744
0.686944
0.525089
0.671802
0.774902
0.699952
0.59672
0.718806
0.609512
0.560147
0.795327
0.713808
0.560919
0.852325
0.716083
0.601155
0.728475
0.649907
0.625606
0.84921
0.593085
0.59164
0.761494
0.659155
0.912335
0.737549
0.80265
0.7758
0.645916
0.562214
0.601247
0.323871
0.672385
0.588197
0.164724
0.384563
0.308693
0.717749
0.44948
0.705886
0.552835
0.651531
0.630513
0.731011
0.574629
0.640663
0.627832
0.20695
0.587081
0.757941
0.586567
0.804171
0.834351
0.644205
0.397385
0.747729
0.477187
0.662631
0.674732
0.792465
0.479022
0.448003
0.784703
0.579123
0.670237
0.776319
0.878071
0.722404
0.378524
0.527736
0.580571
0.708944
0.798159
0.582868
0.645851
0.737313
0.504803
0.713373
0.671568
0.669294
0.662373
0.62977
0.529214
0.747953
0.776724
0.71607
0.624017
0.789112
0.554925
0.760505
0.527887
0.747432
0.692129
0.394896
0.652958
0.651695
0.470023
0.667478
0.643922
0.679962
0.792638
0.677415
0.717342
0.771516
0.622301
0.876992
0.646587
0.396256
0.732209
0.410474
0.71299
0.834113
0.420418
0.529489
0.715021
0.654688
0.704691
0.64443
0.711819
0.681184
0.777964
0.779088
0.552132
0.676491
0.406148
0.702147
0.77631
0.685065
0.681488
0.688984
0.449052
0.775005
0.56271
0.670394
0.69313
0.387638
0.755084
0.682104
0.770858
0.838627
0.507541
0.840989
0.694431
0.3861
0.862062
0.731402
0.598195
0.846076
0.641968
0.768835
0.694663
0.734904
0.669112
0.798671
0.58713
0.601868
0.770275
0.596635
0.518515
0.524273
0.756264
0.677684
0.689561
0.38218
0.837655
0.643882
0.7181
0.514166
0.410778
0.622726
0.721881
0.320167
0.669128
0.440084
0.633606
0.773878
0.739133
0.772345
0.443916
0.586363
0.615399
0.547474
0.65223
0.535131
0.689573
0.552777
0.645953
0.698192
0.607687
0.58453
0.624501
0.645771
0.766191
0.388518
0.635933
0.721492
0.683161
0.749392
0.542225
0.766101
0.7389
0.62279
0.60736
0.866742
0.53208
0.644378
0.777912
0.65031
0.726085
0.703086
0.534781
0.604782
0.54321
0.354363
0.641907
0.805161
0.639352
0.814466
0.729977
0.838996
0.689629
0.69055
0.493341
0.394499
0.539378
0.388901
0.772073
0.341731
0.538404
0.635307
0.593436
0.426725
0.708802
0.524103
0.780024
0.758609
0.806157
0.702957
0.645791
0.675277
0.570842
0.766774
0.752368
0.671289
0.360716
0.702589
0.700459
0.519527
0.728169
0.467087
0.553713
0.626092
0.671022
0.77038
0.48961
0.400831
0.669235
0.589113
0.81506
0.640774
0.597371
0.268042
0.783384
0.701728
0.638741
0.555151
0.585691
0.70527
0.814989
0.420568
0.461483
0.5634
0.59385
0.686867
0.716264
0.647923
0.659492
0.70875
0.691692
0.795055
0.716137
0.448329
0.58785
0.730817
0.569848
0.73046
0.727009
0.550219
0.728898
0.72102
0.761698
0.761321
0.74445
0.593387
0.740918
0.771104
0.626322
0.708081
0.773507
0.792935
0.525719
0.663519
0.198731
0.657439
0.685047
0.759623
0.773594
0.797441
0.569127
0.594792
0.640444
0.782713
0.769314
0.656109
0.597953
0.483961
0.690648
0.335506
0.665727
0.811322
0.765522
0.682798
0.722949
0.38062
0.744908
0.744168
0.644972
0.598545
0.704318
0.686541
0.476283
0.654021
0.774409
0.640891
0.693489
0.822103
0.604217
0.860964
0.457071
0.613114
0.669395
0.809008
0.770375
0.785594
0.503388
0.635254
0.617268
0.374821
0.611043
0.609794
0.725232
0.68487
0.690491
0.739619
0.648347
0.6782
0.654514
0.729888
0.583588
0.687871
0.761756
0.588819
0.760307
0.709408
0.714578
0.666989
0.669264
0.72008
0.739929
0.645074
0.841195
0.595815
0.0802997
0.74245
0.786791
0.731246
0.40065
0.818165
0.574316
0.748682
0.694515
0.498717
0.6898
0.598482
0.564039
0.650878
0.447574
0.533387
0.623386
0.465826
0.583246
0.732143
0.741888
0.629272
0.816168
0.708897
0.67904
0.725366
0.614001
0.714444
0.63991
0.776552
0.399185
0.438786
0.798395
0.705011
0.683284
0.618772
0.645945
0.727155
0.437808
0.811421
0.62132
0.493073
0.381881
0.68889
0.752798
0.461424
0.645771
0.543017
0.780373
0.579027
0.701747
0.552118
0.438335
0.503828
0.651065
0.729324
0.776027
0.605914
0.756832
0.777353
0.656879
0.551914
0.694644
0.68029
0.66446
0.736377
0.456838
0.710915
0.75819
0.747235
0.589561
0.733429
0.725578
0.617099
0.415324
0.830335
0.590222
0.21019
0.665279
0.641865
0.686736
0.749095
0.55913
0.522924
0.632012
0.660019
0.713928
0.603429
0.678163
0.651531
0.545812
0.716132
0.488437
0.579354
0.620115
0.786553
0.635175
0.652587
0.575755
0.466346
0.677238
0.305648
0.534737
0.818538
0.662696
0.709227
0.717535
0.823514
0.754217
0.730811
0.682081
0.647336
0.696116
0.545179
0.518208
0.741505
0.660623
0.361271
0.658331
0.510282
0.857035
0.659961
0.581291
0.617705
0.710427
0.769483
0.669626
0.540732
0.699133
0.740521
0.746425
0.763188
0.628644
0.452034
0.716597
0.660364
0.707133
0.697378
0.674845
0.65656
0.510744
0.612855
0.143089
0.519158
0.524216
0.67472
0.651591
0.635037
0.572418
0.593183
0.675703
0.560824
0.608046
0.81211
0.708783
0.72047
0.573317
0.473342
0.488531
0.648584
0.490783
0.738258
0.678819
0.673059
0.634492
0.45778
0.443819
0.544871
0.653893
0.492467
0.596518
0.349143
0.637042
0.645187
0.700734
0.654391
0.649244
0.538716
0.615564
0.608585
0.758093
0.656676
0.85512
0.792131
0.660496
0.742336
0.553099
0.807374
0.620572
0.673427
0.45081
