0.837242
1.65037
1.42347
0.927174
0.39326
0.952967
0.742848
0.353455
0.59614
1.18287
0.7219
0.331615
0.333959
1.14678
0.967763
1.23222
0.693677
1.20744
1.05598
0.69612
0.899566
1.02362
0.4867
1.01574
1.17002
1.17507
1.18291
0.924971
1.08159
1.14381
1.27505
0.702988
2.00055
1.09564
0.867063
1.80772
0.95657
0.739098
0.797972
0.97151
1.11181
0.738675
1.33231
1.17033
1.09771
0.808575
1.08329
0.819378
1.69379
1.51355
0.700135
1.34691
1.19954
1.27196
1.06859
0.876737
1.28539
0.379576
1.48086
1.16453
1.03308
1.21562
1.06949
0.857985
0.540154
1.05851
0.916245
0.489932
1.14621
1.20903
1.9608
0.755093
0.71953
0.879665
1.01736
1.00905
0.631725
1.0061
0.843005
-0.043663
1.05183
0.64319
1.51436
0.0632428
0.952869
0.647984
1.29678
1.02337
1.03639
0.341666
0.927478
0.728035
1.46727
1.0306
0.609553
1.04602
1.34755
1.40555
1.46674
0.755576
0.93346
1.62688
0.883141
0.699223
1.76656
0.773695
1.55837
0.590758
0.558851
1.51833
1.18115
0.66619
0.855833
0.932652
1.48019
1.44251
0.799642
1.10712
0.906362
1.35214
1.0075
1.0362
1.33051
1.458
1.85489
0.917693
1.56246
1.53567
1.04839
0.956433
0.696745
0.802135
0.871919
1.8891
1.38712
0.88438
1.76339
0.657571
-0.128587
1.44535
1.15523
0.943721
1.16956
0.763675
1.37631
0.209817
1.99115
0.997849
0.822907
0.294142
0.856531
1.27301
1.45806
1.04948
0.737755
1.10953
0.727977
1.55267
1.1843
0.842071
0.530512
1.37672
1.25136
0.669797
1.3783
1.39035
1.46257
1.36518
0.218564
1.0802
1.50603
0.804018
1.21868
1.15108
0.659089
0.41439
0.98291
1.63015
1.00649
0.239956
0.906957
0.557076
0.832214
1.41579
0.753293
1.76096
1.49342
1.11167
1.59303
0.746327
0.950814
0.926636
1.43137
0.895963
0.701967
0.755571
1.29021
0.983193
0.801217
0.724726
0.65532
0.658181
1.19769
1.5297
1.0439
1.03985
0.912672
1.31168
0.610033
1.18258
1.10368
1.42723
1.10409
1.62187
1.0057
1.05719
0.979802
1.74341
0.382848
1.62841
1.52225
1.31932
1.12596
1.30683
1.17277
1.52113
1.00808
1.24346
1.01202
0.887996
1.29917
0.0458693
1.41411
1.36898
1.1867
1.09696
1.23049
0.988558
0.928063
1.49742
0.572464
0.691568
0.905726
1.02787
1.03543
1.85775
1.1019
0.742865
0.765091
1.12217
1.49014
0.94137
0.991403
0.902556
1.66702
0.914207
0.468499
0.561185
2.08263
0.872111
0.648715
1.00121
0.56593
1.07653
1.19821
1.14907
0.437425
0.897718
0.610257
1.45451
0.827581
0.837349
1.2513
0.136381
0.915777
1.02962
-0.173592
1.2878
0.858994
0.844184
0.693371
0.341801
1.09087
1.38175
1.75955
1.5512
1.26387
1.64482
1.42598
0.986182
1.50716
1.72682
1.05756
1.59001
1.40192
0.987026
1.3918
0.918078
1.00272
0.893593
0.875667
1.41979
1.0709
0.772383
1.29894
1.84873
1.7275
0.324062
1.34366
0.578608
1.0858
1.37909
1.21585
1.26633
1.04134
0.85039
0.655945
0.505431
1.30577
0.301237
0.834793
0.910913
0.779228
1.61523
0.780687
0.91457
1.36437
0.0164687
0.835646
1.36486
0.63142
1.33013
0.982564
0.926292
1.08137
0.44102
0.974111
1.42059
1.16939
0.847183
1.51846
0.50182
1.00971
0.990104
0.842197
1.00868
1.18239
0.521299
0.922463
1.09437
1.00078
0.465963
1.32393
0.603567
1.00904
0.977717
0.95504
1.81446
0.763666
0.424748
1.22895
1.1652
1.44174
1.46831
1.07703
0.451049
0.853136
1.16199
1.08663
0.57111
0.704892
1.21603
1.35374
1.47633
0.655752
1.71217
0.70015
0.736286
0.970085
1.15714
1.18865
1.6841
1.57075
1.07419
-0.17274
1.61471
0.624824
1.24035
0.973666
1.00376
0.679506
0.693241
0.975722
1.13107
1.29734
2.33178
0.351239
1.26737
1.53195
1.44907
1.61686
0.858178
0.718562
0.750065
0.74742
0.964971
1.03053
1.55352
0.849455
1.35711
0.484824
1.19019
1.3549
1.00765
0.568143
1.18404
0.971597
1.05807
0.911322
0.553047
0.940183
0.839106
1.07425
1.26747
0.925931
0.558514
0.415208
0.789709
1.10336
1.37612
1.24211
0.92125
1.83558
0.245314
0.886118
0.567932
1.19915
0.994784
0.811778
0.598739
1.4179
1.15743
0.700546
1.19162
1.57622
1.06655
1.46921
1.79733
0.365183
1.18157
0.642182
1.34058
0.870426
1.06962
1.30077
0.83984
1.1269
0.726604
1.73542
1.43165
1.33046
1.1498
0.571524
0.937777
1.27079
0.660829
1.37307
0.988442
0.779589
0.954465
0.866891
1.13248
1.25108
1.51146
1.47937
0.518991
0.897431
0.663431
0.0804896
1.42082
1.33085
1.47922
0.898937
1.20654
0.520958
0.995001
1.34811
1.70953
0.851862
0.83646
1.76549
1.18216
1.86117
0.579483
1.67376
1.03232
1.58381
0.796363
0.938753
1.0152
1.00965
0.347711
1.19516
0.531225
0.934378
1.10446
0.408957
0.572051
0.743423
0.957987
0.754644
0.845179
1.13578
1.23793
0.876014
1.31064
1.18023
0.925617
1.08243
0.717822
0.905499
0.89064
1.02742
0.487225
0.99045
0.349006
1.28986
0.834984
1.40159
1.18432
1.16801
0.112742
0.642926
0.280562
1.09545
1.00471
0.751295
1.08818
1.63939
0.831878
1.33911
0.457491
1.05254
0.770148
1.54188
1.25212
1.47734
0.84398
0.463172
0.969479
1.13275
0.135457
0.907469
0.857301
0.971214
0.985249
0.806583
0.318016
0.599473
1.36811
1.11375
0.759569
1.18866
0.844258
1.23273
0.77784
1.04999
0.821415
0.194567
0.44021
1.65852
0.70287
0.837868
0.85442
0.995004
0.987473
0.398017
1.22917
0.962026
0.695758
0.484056
1.04103
0.538412
0.947993
0.944964
0.543702
0.914632
1.07934
1.92468
0.701647
1.2604
1.08424
1.44134
1.34512
0.308829
0.915101
0.419722
0.795993
1.11366
0.518184
0.774624
1.96664
1.16558
1.15925
0.411497
0.92352
0.517834
0.768919
0.420684
1.3772
1.40194
0.652445
1.52596
2.09779
1.65104
1.34179
0.585351
1.11873
1.00227
1.06207
1.13226
1.73645
0.676216
0.340062
0.652709
1.0656
1.19551
1.19232
0.772338
0.676307
0.759828
1.24468
0.410076
1.18413
1.03369
0.524329
0.64488
1.16369
0.607486
0.512969
0.65522
0.689345
1.30293
0.87802
0.654989
0.650209
0.642089
1.17011
0.800317
1.38643
1.1949
1.04792
0.644511
0.80793
0.402035
0.772805
1.26342
1.261
0.0920417
1.20601
2.02928
0.347157
1.28635
1.18146
0.814107
1.00733
1.53998
1.52217
0.931601
1.48762
1.65547
1.40775
1.72457
1.065
1.99734
0.540597
0.918596
1.28442
0.824723
1.17741
1.4512
1.39734
1.22278
1.2632
0.4202
1.2048
1.51809
1.08887
1.02912
0.548885
0.797708
0.575404
0.923915
1.03558
0.649354
0.620671
0.760987
1.58674
0.912669
0.974906
0.768629
0.84028
0.292896
0.46535
1.08542
1.87997
1.55149
0.773723
1.38517
0.900218
0.780874
0.470082
1.08652
0.922083
0.306043
1.06453
1.43946
1.39808
1.19176
1.26122
1.24786
0.728322
1.13523
1.0215
0.781851
0.626153
0.961474
0.709988
1.28595
1.00184
1.13128
1.23065
0.74906
1.35917
1.06451
0.886025
1.1143
0.95667
0.647404
0.931465
0.50278
0.843411
1.00402
1.23817
0.866957
0.853782
0.707244
1.15684
0.778926
0.179575
1.55017
1.19231
1.03543
0.783659
0.551594
1.50949
1.14394
1.83189
1.05309
1.12536
1.14701
1.48668
1.84355
1.40509
0.602636
0.953731
0.582305
0.686539
0.996939
1.82314
0.841323
1.27993
1.33954
1.13916
0.904957
2.10832
1.54113
0.873928
0.720857
1.17081
0.742107
1.08704
0.697685
0.986966
0.928362
1.18543
1.07532
1.01864
0.836828
1.37205
1.63243
1.17512
1.11477
0.380816
1.3765
0.577749
0.544405
1.43384
0.865085
0.722481
2.02796
0.722807
1.64734
0.56887
1.61969
1.25361
1.58033
0.738335
1.71024
0.777813
1.51711
0.935468
0.948063
0.789083
0.766303
1.20204
1.11372
0.0927151
1.73118
1.95876
0.261205
1.5613
0.999859
0.932336
1.14341
0.836015
1.425
1.26533
1.3731
-0.181638
0.9877
1.43381
1.18736
1.35308
1.13068
0.970735
0.66004
1.62003
0.392109
1.47996
1.74715
1.53113
1.49615
1.10744
1.66755
0.67882
1.34828
1.79459
0.731573
1.0199
1.51514
0.797882
1.27579
0.995555
0.791619
1.23598
1.57341
0.738554
1.10134
0.524145
0.604377
0.386901
0.8238
0.981916
0.421458
0.9582
1.00664
0.840846
1.28427
1.03518
0.418295
1.15366
1.01236
0.532356
0.668346
1.81925
0.851424
1.23391
1.66427
0.896319
1.29871
0.085117
1.59882
1.02218
1.3708
1.03465
1.43594
1.15732
0.716056
0.744581
0.796645
0.856629
1.61952
1.29438
0.814016
1.40609
1.02806
1.21484
0.562374
1.58664
0.962852
1.00083
1.80302
1.55309
0.958819
1.71372
0.438626
0.829897
1.27255
1.37844
1.07382
0.72716
0.407996
1.26378
0.276749
1.33852
0.519977
1.25887
1.09991
0.908725
1.60851
0.638545
0.964282
1.00106
0.812509
0.880542
0.531007
1.20592
1.40105
0.0548902
0.913239
1.02116
0.743907
1.34678
0.457548
0.708559
1.19619
0.930107
1.62612
0.401551
1.97368
1.04772
1.0713
0.695647
0.620193
0.957282
0.887354
1.10107
1.02535
1.25753
1.7709
2.03787
1.52633
0.954648
0.681154
1.07069
0.716667
1.03484
0.898329
1.14064
1.06334
1.52053
0.494176
0.512436
0.952417
1.46159
1.30844
0.81605
1.72289
0.730481
1.55202
1.05897
1.36386
1.44308
1.08496
1.55186
1.25136
0.779081
1.03321
0.410085
2.12079
1.19277
0.77257
1.4266
0.855741
0.859607
0.708979
1.52363
0.863904
0.861895
1.5253
0.876558
0.84997
1.57045
1.09599
0.964886
0.971817
1.22056
1.05128
0.759792
