6.22747
11.4195
10.7578
10.6739
8.43439
10.5807
6.84335
8.26031
9.84041
10.0129
9.53265
7.03114
8.97309
12.6018
10.4682
9.05646
6.21823
6.33509
11.6384
8.19698
10.1265
6.67095
6.9883
10.3202
9.74213
10.9816
5.75961
7.27233
12.5304
8.49298
10.2865
10.9373
12.282
10.3777
8.89581
7.23483
7.92645
10.4295
6.35373
5.99189
10.5766
12.0499
6.48921
9.40673
12.5279
11.7751
10.5031
10.6
12.8815
10.8258
6.63062
9.68713
11.3216
11.9176
9.95462
9.13934
10.7529
13.7847
7.46098
10.5338
9.05419
8.44484
6.58507
12.1164
11.5537
11.7397
6.89432
10.3628
5.48335
10.6894
10.3858
10.667
10.1234
9.67955
10.3339
11.7999
8.62461
9.97434
8.3751
10.1275
6.84798
7.06149
11.3216
7.66614
7.48578
8.95765
10.1956
7.7114
11.0464
7.83614
11.204
12.8372
9.67537
10.9671
9.46326
13.0126
8.52863
10.4616
8.89999
5.84632
9.27785
7.20322
8.41406
12.8303
10.8295
7.22169
6.16981
8.88389
8.88139
12.1251
12.4591
11.0707
13.0015
11.5784
11.226
7.78319
7.93704
9.45118
9.63017
11.607
11.5484
12.3275
8.50756
10.7182
11.4803
10.5704
9.93282
11.9855
8.68879
8.82412
9.88631
10.3372
10.1867
11.5486
9.31594
11.9116
9.34976
8.93405
10.2457
8.81361
8.36621
10.5783
10.7069
11.9922
11.0178
9.61802
9.39274
12.173
12.0581
9.66022
10.4723
9.1236
9.69905
8.64721
13.2886
5.69495
8.20725
9.07626
6.73127
11.4271
11.5452
6.90091
8.19186
7.82023
11.0166
9.99123
11.7181
10.5766
8.81954
9.64147
10.8309
8.68447
10.5979
9.92615
13.8238
10.4388
10.2717
7.43519
9.565
10.556
7.9623
11.0351
11.1341
10.6726
11.9987
6.29124
5.7493
10.0534
11.2167
9.22483
10.1389
12.699
14.0927
10.8832
6.66312
11.6858
10.221
9.91837
11.7638
8.78737
9.40153
13.4509
10.4212
7.35202
10.6467
12.5463
12.5035
7.90228
12.3193
7.81955
10.5594
11.7866
10.5859
10.4527
10.4756
9.972
10.9314
9.79829
9.88989
5.8565
9.05129
10.4529
8.70581
9.72668
11.383
8.83983
9.59571
8.45819
7.42137
12.3757
11.0772
11.3867
11.1578
6.23301
12.3075
12.9461
11.3061
11.036
9.14042
7.801
10.9191
11.0301
13.0977
10.6327
10.7563
11.7482
8.41453
11.5711
10.5926
8.36464
11.0208
13.1334
7.78207
9.94466
8.96528
8.89954
10.3714
8.78278
9.0111
11.1888
10.2418
12.35
12.8337
9.59323
8.68008
10.7007
8.82833
9.6792
10.4849
13.2891
11.6622
12.0593
9.80114
8.89984
10.8817
8.20871
13.0292
9.73658
9.15712
10.2992
11.2866
11.0948
10.5319
12.2143
11.3969
11.3981
9.38728
10.3663
11.0582
12.1075
10.4169
12.3713
10.5381
12.7845
6.3404
9.72817
14.3467
5.1961
8.19755
10.4928
11.7306
8.1137
10.1306
9.89128
9.75034
10.5205
10.7502
11.0434
7.18858
9.73519
10.351
10.5406
11.5034
8.2755
11.9986
10.7279
10.9299
12.1053
8.69846
11.4498
11.696
12.5113
6.50092
9.70531
8.27298
9.9706
8.28616
7.99489
12.0548
10.9707
10.9272
9.14811
13.9729
7.41691
4.37825
10.2368
10.229
9.40237
7.86498
10.0507
12.0978
10.8291
11.1754
10.8408
10.0258
11.4051
11.6092
8.02835
10.6332
7.39009
10.9325
7.18437
7.70781
11.0072
10.6665
11.4139
10.6706
9.43658
8.92292
11.3211
10.3265
6.76867
7.48308
6.52929
9.05119
10.2459
10.2559
8.65022
9.78656
11.9695
7.65877
8.93381
10.7281
12.8408
7.92615
10.8364
7.66394
10.2311
8.87124
6.77503
9.66583
8.72999
9.70587
8.05923
6.80269
11.4993
9.70606
8.33285
12.3654
12.4281
11.682
10.7616
9.04362
8.07234
10.561
11.0384
11.282
9.59395
8.95856
8.07127
10.033
12.2548
9.26563
11.0299
11.9086
10.5928
10.1362
11.2256
10.5419
6.70585
7.90902
10.9616
7.14623
11.5097
11.6463
7.36679
13.5446
11.7093
8.39868
8.77142
13.2891
10.9978
10.1506
10.9236
10.7313
11.796
9.02596
9.64346
10.9548
11.3108
7.30039
9.7556
8.97987
9.2382
10.627
8.54847
11.1533
7.38306
11.2548
10.4389
10.9639
6.88526
12.0674
10.5666
9.29723
10.815
9.35261
9.81044
7.14759
12.2046
10.7848
13.1489
9.19864
10.3938
10.9516
8.8332
10.7558
8.10911
8.00532
12.6757
11.1559
11.4518
11.2303
15.0743
12.9065
8.76337
8.57386
14.3626
11.9276
9.3125
10.9099
9.7457
12.2355
12.8725
12.1879
7.99564
5.57196
13.3465
6.95718
11.277
9.81651
8.60391
9.50315
8.35985
10.3141
12.5682
6.01423
12.7892
9.31103
7.75215
9.98143
9.2027
12.323
6.67
9.38158
8.10199
11.0629
12.3805
11.966
7.14071
10.9862
10.4676
8.18325
9.58767
12.8854
11.6349
8.9778
10.7654
8.39583
9.59644
8.92004
11.9811
13.0603
11.5304
7.63038
7.11551
11.4393
10.3369
12.1287
4.98265
12.6381
10.8384
9.94596
10.7872
10.2851
8.03991
8.62816
13.4899
9.69858
8.59616
11.4745
7.51672
12.4516
9.86646
13.2366
12.2817
11.4551
8.12337
9.71852
6.71313
9.60224
11.0395
11.3596
6.03465
8.52435
10.7337
7.58133
12.211
11.4771
11.0299
11.543
8.59225
12.7662
8.05525
11.2762
11.8792
9.97299
9.73207
8.51924
7.01038
10.6484
8.18769
7.44411
7.92983
7.94765
8.22524
11.6147
8.62206
8.64676
9.25067
8.7152
13.3318
10.4113
8.06208
10.3806
6.21008
8.32754
8.49748
12.1083
5.42576
8.94182
10.7871
9.43178
12.2864
9.42849
11.9465
9.37517
8.95475
7.18845
11.0828
12.0375
11.5949
9.46711
8.85406
9.56459
10.489
8.67464
9.56045
10.5587
8.55447
9.42954
8.10663
10.4432
8.31947
7.70278
9.81725
11.3712
10.3326
7.95493
7.60962
9.75034
10.7181
9.2423
11.1805
12.4903
11.1137
10.4854
11.5375
9.85786
10.6227
9.90859
10.8905
11.4304
10.5445
9.45277
8.54595
13.5939
9.80429
11.2544
9.22563
11.3011
7.68923
10.4919
8.76437
12.6971
10.062
7.44736
11.748
8.95799
10.5628
10.7593
5.96561
8.82258
10.6599
10.2558
8.21907
10.6398
10.2528
11.6055
10.4353
11.566
7.22315
10.5792
7.59445
10.7552
10.9703
12.8081
10.1683
11.6886
9.71956
8.74805
11.1014
11.5682
9.19457
8.91418
9.73665
8.41249
8.15208
12.0184
11.4794
11.156
8.83998
11.5058
13.7591
11.106
11.291
9.80924
11.0863
13.6706
10.9439
8.45983
9.91358
12.2333
8.18543
12.0863
11.1556
6.76832
9.70854
6.74604
10.5467
11.5051
9.95414
5.5993
9.26935
11.6977
8.47854
8.95726
12.8593
9.90536
13.2786
10.6745
12.6657
8.7941
9.28447
9.9989
12.5338
10.5031
7.79377
11.2177
11.6652
8.0146
9.21867
9.65497
9.762
13.6684
8.37691
8.4686
10.0952
11.6152
9.91957
10.6217
11.5493
11.804
10.325
12.3924
11.4114
7.73837
9.7276
11.4091
11.6843
9.97633
10.6557
10.1591
9.27455
8.22485
10.2349
10.4632
11.3548
9.17712
9.97051
12.565
10.9228
10.3338
6.80502
12.1973
11.206
9.72197
8.32214
13.3018
10.5223
10.199
8.03708
9.4883
9.37651
10.5755
11.6979
8.03716
9.2311
10.1442
7.93133
6.28369
10.1599
10.4902
11.2589
9.4768
11.8394
13.9947
7.17875
10.41
7.66015
13.0387
11.8788
10.6915
8.93722
10.2973
9.19465
9.00094
11.2338
9.86521
10.9439
9.22131
7.72912
9.508
10.7227
8.3175
11.2332
11.4991
13.6586
9.01982
9.45351
9.81658
11.3393
10.0354
11.4527
9.42598
8.76555
7.67232
10.664
10.7358
11.4804
8.66778
3.80202
9.77033
11.1846
8.05145
7.15211
10.0164
12.0489
11.2336
11.3551
8.53786
8.79054
11.9198
7.20362
7.49892
10.8632
10.6212
10.1242
13.3831
8.89301
13.3511
11.6969
12.1517
11.0894
7.27928
11.3741
9.82261
9.75464
12.2435
12.4386
10.3782
10.8056
7.51649
8.38554
10.1287
11.0952
7.32117
11.9019
13.4585
8.86112
9.394
11.539
11.8124
9.80513
11.2059
11.0994
9.07618
8.17822
10.5127
10.7252
10.4622
10.6457
11.1792
10.9046
9.79461
9.77685
14.0426
13.3966
9.97877
13.0062
10.9535
8.09605
10.4604
13.3533
10.672
10.3318
8.9834
9.71075
10.7833
7.45349
7.7808
7.48188
11.7368
9.55551
10.6651
9.75079
8.24816
7.73068
10.4968
11.461
5.42454
10.5611
12.1928
7.18145
6.84686
6.50183
10.6275
8.55637
6.74581
11.1699
11.6247
6.98075
10.9048
10.8173
11.2259
7.33222
11.5059
9.23098
11.2955
6.81881
12.6313
9.11336
8.67745
8.79764
5.19503
13.4296
9.7932
11.2071
10.1603
7.40468
7.9604
9.99971
11.6364
11.8191
9.21189
7.58643
8.39274
10.067
11.1905
9.83859
8.2416
10.4249
10.99
10.8833
11.898
9.71089
5.76962
10.2889
12.0468
6.42831
9.89999
8.50806
9.56564
7.09208
12.4279
12.1286
11.1194
10.7414
12.1963
5.5247
8.29112
12.2768
9.12914
10.8228
11.4584
11.3063
6.39688
10.9059
9.02664
9.88005
9.82261
8.07336
9.65646
12.6952
12.4963
9.88042
8.61714
9.60621
9.02407
7.32794
8.4497
10.3156
9.73927
10.6707
10.9845
12.2549
9.2906
13.1264
8.88914
11.2831
10.1952
7.01524
11.9553
11.5418
12.575
11.1502
12.7156
10.9581
9.09945
6.44032
9.06523
12.0971
7.8334
10.2816
7.44712
6.37794
10.2242
9.35984
11.1032
10.4503
10.387
10.9638
10.1635
11.6595
10.5657
12.4425
9.82288
7.61648
8.81284
8.9794
10.3196
10.7417
10.1137
11.2093
11.5303
9.16452
8.9252
15.3811
12.7285
11.2565
10.2338
7.84619
9.12569
8.90442
11.3718
7.81737
6.8008
7.44819
7.5008
11.515
10.4844
12.5889
8.65208
8.31901
8.61477
11.0457
8.90135
10.4328
9.9068
13.4467
7.46561
10.3704
12.0954
10.7752
11.9236
8.84792
8.05104
8.7236
11.3861
6.69135
9.30035
8.0912
11.5661
10.6812
8.09793
9.54002
8.99384
8.43705
13.2035
12.9262
8.78575
10.2118
10.9749
10.063
12.6763
10.3011
10.362
6.69926
11.6919
12.057
10.0081
8.4656
8.97168
10.719
7.93683
10.4338
8.07258
8.86532
6.2406
12.0099
9.38669
11.2444
9.59738
11.8424
10.9465
10.8314
5.58978
11.1758
9.05937
12.061
12.0485
11.307
10.6786
12.9575
8.81558
12.2727
9.33944
8.64375
13.4575
9.76156
9.87711
9.50524
10.1912
9.17077
5.72282
9.88157
8.15081
8.74657
10.2615
11.2228
9.87379
8.7223
10.9003
10.872
12.1385
11.0408
9.75214
10.3708
13.4557
12.091
9.80094
9.44145
9.6389
7.32917
5.17489
8.01845
7.78173
13.2206
14.0661
4.92794
12.1761
12.4877
10.2216
7.87044
8.81986
9.44
11.3693
12.6979
10.7839
12.1024
10.154
10.725
9.60665
9.29226
10.7199
10.3324
11.3628
10.5718
10.3427
12.9343
11.3457
12.4882
7.8946
10.2494
8.92695
9.86269
9.27365
11.1617
11.2874
9.06801
9.62595
11.0355
8.11271
13.3013
12.6969
8.93377
5.28006
11.6167
11.4587
6.69581
10.9129
8.6747
9.01478
8.49298
7.18822
11.2753
11.721
8.27137
6.24679
12.0514
4.82943
11.7333
12.2605
9.73828
11.7897
10.9469
10.5453
6.12693
9.26355
8.1397
10.4701
9.1889
8.8151
7.25016
10.1796
10.2481
7.56824
11.891
8.77157
8.74032
10.5103
9.57726
10.9292
13.4478
9.2009
8.29453
11.1616
10.5209
8.46751
12.7925
8.01595
7.97461
10.2093
11.3695
11.7062
9.4228
10.5092
7.59622
10.8287
9.52984
9.26573
10.1481
10.5786
6.33224
8.66944
9.5238
11.0602
9.06387
9.98173
7.49768
9.4397
7.85078
6.972
9.68959
9.39165
11.1608
12.2241
11.2962
13.0304
11.0398
5.99414
8.6596
8.41652
9.18838
13.8603
10.7068
13.3557
7.9646
7.67638
8.05348
8.98625
10.4958
11.3066
10.5283
8.69841
11.2762
9.12029
11.7614
8.7217
8.13584
8.91559
6.03879
9.60987
9.29145
13.0266
11.1379
6.3919
9.16803
10.7188
9.95709
6.96423
11.0916
10.2211
9.45608
8.15252
9.36908
9.42748
9.96596
9.5672
10.0485
10.8535
5.70372
11.7396
13.8177
7.77968
9.80287
6.12275
9.66006
10.7767
13.3205
9.89007
11.8092
9.67172
8.49251
8.44047
11.5519
12.6437
8.27652
11.5968
11.2802
7.16803
9.97647
11.9153
10.2156
7.93111
11.2733
9.41416
8.75793
11.4503
13.1938
9.98391
12.5486
10.9076
11.0088
11.7478
11.8555
10.804
8.90736
12.0021
11.5419
8.3527
9.49998
11.3244
10.5285
8.20268
10.5096
8.17883
11.2123
8.35655
10.1326
10.3645
12.3289
9.40368
10.1959
11.1441
11.5522
11.8934
8.58378
9.85372
9.83832
9.66701
9.28502
6.27911
7.54109
9.32137
9.61152
11.5097
7.17808
10.0415
9.36024
10.4052
12.0068
10.2824
8.07846
10.723
8.47044
6.69293
10.2017
8.54048
10.2409
11.0863
9.10156
10.5814
8.04887
10.4029
9.90025
10.3675
7.57906
7.59069
10.9387
12.7093
9.65786
8.49061
5.22765
9.65935
8.2842
9.08226
10.2561
12.5003
13.8252
10.3966
9.57698
8.20372
9.06626
9.53682
11.0515
6.94064
7.85279
10.3355
10.6662
13.2764
12.4927
9.98924
8.91249
10.1207
7.21447
7.51451
7.46242
10.2928
10.8468
9.2962
11.0005
15.105
8.28616
12.1475
8.09036
11.0809
8.69977
13.6719
9.60117
13.0439
13.8117
9.77555
8.18776
8.6484
6.07654
7.02913
8.62776
11.5562
11.2996
11.0487
9.37246
5.95807
8.77294
9.74756
10.9199
11.4422
13.77
12.6215
9.35265
11.091
10.2994
10.3305
10.2118
12.2496
11.5166
11.1985
7.91663
12.6692
11.087
12.955
10.1325
10.2919
10.9937
12.2022
10.2516
10.7218
10.0262
11.5346
9.58407
12.0284
9.97731
7.84956
10.2111
11.9243
7.22203
13.9427
11.397
9.14313
9.0937
11.8788
10.1814
11.2159
10.4358
11.3925
11.7614
5.15294
7.79183
10.5701
9.63648
10.1189
9.15541
11.0026
11.6508
11.6861
8.78504
10.3943
10.5576
9.25306
6.79524
8.8925
14.0606
8.97202
10.2373
9.66035
6.97207
9.6763
9.07553
8.84823
10.8346
8.85847
11.4486
8.45194
12.7122
10.3088
13.2369
11.0215
11.1719
8.18628
9.95611
9.58329
7.57136
9.48057
11.968
7.44165
11.0991
7.33976
10.9635
6.79411
9.79034
8.66194
8.83373
11.1397
10.8574
12.5049
10.3898
12.2435
8.90105
6.53134
10.8236
11.3993
8.61639
10.1119
12.2069
7.21802
8.84195
7.87215
8.62283
11.9108
11.7719
10.7388
7.61943
3.34984
12.0678
7.41588
8.43472
8.15296
10.9431
9.97259
12.5283
10.2592
11.0153
10.0097
12.7115
6.46471
9.2669
9.32687
9.45702
8.36494
10.8195
11.9544
9.72397
8.82221
10.5187
6.4253
6.62453
9.52348
13.1557
10.7298
11.4015
10.9949
10.3794
13.0031
9.42793
10.3935
12.1785
8.86492
6.90813
5.69271
8.48667
10.4844
8.31544
11.8632
9.02462
11.9837
9.08311
8.67248
10.2964
7.3364
9.89413
10.6901
11.064
11.0553
13.4314
12.8714
11.3144
10.524
10.8688
13.1836
10.2287
7.19568
13.078
9.696
8.32211
8.61883
8.17491
9.62023
11.3523
11.1103
13.0532
10.9736
7.03559
10.9899
11.6337
12.2834
5.68233
8.15905
7.44284
9.61994
11.71
10.0121
11.7686
11.5934
10.1335
9.04943
11.5431
11.7905
6.38403
10.1326
8.53904
10.5638
11.8582
7.92636
8.0919
6.52289
7.32617
11.2742
13.9134
11.2395
12.5327
11.3423
9.06029
12.1882
8.60488
11.2596
12.5533
11.6151
13.7752
11.3378
11.9341
11.5596
9.25022
6.25844
12.6671
11.3597
10.0507
9.85488
14.5079
12.5016
7.19229
8.74601
13.0107
10.2548
10.4911
9.19928
9.23897
10.6564
10.3586
10.3131
10.7382
9.01211
10.6549
9.48823
9.25296
9.95184
11.1076
9.57689
12.2376
5.89893
11.0812
7.51871
11.1947
9.2576
11.791
12.2476
9.20737
9.3505
9.59972
11.9425
9.87451
11.592
11.5282
13.1551
10.9942
9.45866
10.9242
9.06758
7.04413
13.0311
13.2327
6.99564
11.1547
7.83491
10.2315
10.9018
11.9885
5.77141
10.4858
9.02046
10.6015
9.66784
12.2518
7.69804
7.78545
9.86818
10.2939
12.1457
8.99843
13.955
13.0455
12.2084
10.7735
10.2238
11.8226
8.60819
12.4098
6.67174
9.4083
8.52186
9.9727
10.2636
12.9882
9.01714
10.8244
11.9986
9.70625
7.20991
13.0753
8.48702
9.713
8.34747
8.22508
4.89019
13.2046
7.74975
11.2815
10.0152
9.28383
10.1718
8.81065
9.88003
10.4696
10.1951
11.5207
11.1022
10.4052
7.06281
9.39488
8.54966
9.30196
10.9512
12.3037
12.6521
12.7097
10.2283
10.5351
4.28991
11.2576
12.5547
7.81448
11.164
6.36343
8.01566
5.47376
9.25662
11.9211
11.8712
10.8357
10.2398
11.4902
11.6219
6.74092
7.94408
11.4408
13.2615
9.2816
8.34649
5.60595
10.8229
11.1737
10.3938
10.6409
11.6005
11.9817
6.39373
12.2234
8.83221
11.8653
10.4373
11.4178
11.7661
13.1445
9.72044
12.8338
12.1777
11.2206
11.2614
8.89696
12.3008
10.6801
8.52326
9.19392
14.7701
7.47277
11.9864
7.60271
6.63749
9.83756
9.99462
11.4321
11.0788
10.9894
12.6887
10.3261
12.7285
9.70975
10.4614
11.4226
7.86257
14.4422
12.7325
11.8848
10.8921
6.29657
8.27471
10.3274
10.4391
8.32877
9.31836
8.62374
10.3229
13.9177
8.19424
6.31537
12.3352
7.22605
10.249
10.3746
9.08142
11.37
8.67125
6.65755
12.0906
8.44541
6.36231
6.04937
12.2697
11.7322
9.93289
12.2238
7.83686
12.0501
9.62679
8.67461
9.80918
9.42858
12.3391
7.83724
8.8919
6.49076
8.32431
9.01265
10.6543
10.4854
9.03506
10.1139
10.3928
11.484
7.97223
12.4797
9.23154
13.2948
9.01038
9.14188
10.4361
9.16994
10.7107
12.1023
5.90229
12.2334
7.3976
11.7622
9.17737
11.4562
7.55995
11.6
11.779
8.83081
8.54827
7.56475
9.15785
11.9527
10.0802
7.32479
9.309
9.70402
10.8385
9.90211
11.0679
11.1547
11.1909
7.36589
8.98636
8.61214
10.4076
10.8701
11.1413
11.8947
10.4108
8.38747
9.91672
7.31827
11.1867
9.23221
11.8086
8.96622
11.5757
5.4951
11.327
5.85543
12.6389
10.3614
9.85039
7.35667
8.91153
10.4849
10.3285
8.60291
10.9774
3.64394
10.3834
10.8662
10.7469
10.1192
12.7738
9.80763
10.366
8.75852
11.5613
6.35787
8.15447
9.3596
8.61873
9.7994
7.82939
7.61535
8.69384
10.4719
8.0066
9.82123
9.98672
10.9274
12.3861
10.7152
11.0862
8.90435
10.9167
9.99281
10.0579
5.0286
9.36158
12.0746
9.48805
8.78274
11.7146
7.4817
9.64856
7.04811
11.6365
8.69475
9.74127
9.54715
8.22253
10.5829
9.89434
12.2467
7.06944
9.04734
10.1574
11.3939
10.1691
8.96604
8.16054
12.1075
13.8942
12.8209
6.16994
9.34882
10.0661
9.22509
9.54932
10.8343
13.5868
8.35169
11.8374
10.7177
9.15768
11.8807
13.5444
6.66624
8.69015
11.018
11.3663
7.36511
9.60292
11.3712
12.3436
11.7746
7.89261
10.1998
10.8605
8.02277
9.67892
8.98064
6.40317
7.44077
12.4729
10.0519
9.66574
11.1883
9.84997
9.64517
10.9192
7.92839
9.77739
7.72068
10.6975
9.94743
10.634
12.8553
9.22405
9.87419
8.99701
9.26609
12.9134
9.26854
9.9889
7.53476
9.89213
10.0188
8.51451
7.99859
12.7152
5.77875
8.9159
6.77195
11.2626
7.8477
8.46745
13.1048
10.6465
7.29746
7.88044
11.9502
6.24969
10.0248
7.88857
10.5405
9.86195
9.99603
11.2496
12.353
11.7214
14.0637
8.36364
5.9857
9.57205
11.4292
11.9522
10.3721
7.97339
10.4978
10.9742
11.9247
11.6855
10.1628
10.7968
8.77326
9.30211
8.48968
12.2246
9.44649
7.91996
13.307
6.74308
7.8701
10.9738
5.44693
10.7108
11.2883
14.8991
8.3153
8.33183
11.7207
9.73437
12.1906
9.5732
12.2669
7.28359
10.3287
11.7279
13.483
6.7181
12.132
10.7687
9.67519
12.1556
8.74969
11.2701
10.4631
13.1385
7.88938
11.0538
10.536
14.1126
12.2238
8.84219
11.2121
8.9536
11.6426
9.23859
10.6155
10.3228
10.9695
9.34025
10.7576
6.8686
11.731
11.5694
13.4205
7.31688
9.96617
8.15069
12.3517
11.5354
7.94905
7.71368
9.49178
11.5368
10.5949
10.8103
8.29069
6.8409
8.76349
11.9665
9.26905
7.6648
9.70302
13.3134
8.86381
8.48447
9.88096
9.96984
10.1334
13.2111
11.2325
9.08977
10.5822
12.5158
11.041
9.3309
9.15059
8.73691
10.2912
9.09527
8.45038
6.6564
12.8174
10.5236
8.4395
10.1913
7.7175
8.00895
12.8134
8.90582
8.80899
11.432
8.69287
10.7558
9.62328
10.4628
11.4497
11.6914
13.1244
6.43512
6.65562
12.2334
9.49736
9.79069
9.29292
12.281
9.84318
9.57301
7.04133
10.2689
12.2809
8.11943
10.4931
9.63878
11.814
7.1245
8.24145
11.3439
9.16476
9.68109
9.67055
12.5596
8.70133
12.3662
10.7908
5.98473
11.1614
8.31515
6.60068
10.6898
6.94184
8.08522
10.5853
7.06616
9.54059
9.58265
9.02307
8.0144
11.2183
11.5105
12.3426
6.3606
10.8997
9.66959
11.3037
8.52096
10.5308
11.0604
8.72012
7.76763
3.2675
12.6944
6.73365
11.9129
8.23747
9.0648
6.6551
11.3618
10.0783
7.69122
8.18335
9.5405
7.74814
9.29199
8.92116
8.76992
8.68811
9.50262
12.9659
10.4242
8.38542
11.039
8.34887
9.03429
10.55
12.0816
9.91416
10.9181
11.8127
10.9059
8.64823
6.38877
9.84689
9.0523
9.45774
10.7672
8.98653
7.3489
9.80232
12.3343
8.4844
9.5235
6.98742
11.524
10.684
5.39494
11.7723
10.2312
6.57827
7.88101
12.7829
10.1135
14.1439
10.6344
10.7827
13.5127
10.6842
11.6122
10.0282
9.11151
8.88294
8.72858
6.368
11.5508
11.5711
9.44065
10.8912
8.68789
7.3238
9.5464
10.6446
7.98465
10.1476
7.74941
9.42276
8.4603
9.28357
8.60198
10.7958
12.8463
9.67473
10.027
11.8728
11.7775
10.2556
10.8939
7.94696
10.8471
8.50384
12.8869
7.54886
10.6176
7.93891
12.0482
4.995
7.36802
10.7158
8.23678
11.708
10.7655
11.6967
12.033
11.7162
9.70365
8.41902
10.3975
5.67638
12.9295
12.0326
10.8082
11.2142
8.93768
8.79577
10.4784
9.64309
11.3165
14.7609
9.66742
9.42649
9.87136
11.2137
9.07984
8.59695
7.73086
10.5859
10.0717
10.8843
12.658
12.4367
7.56919
13.5989
7.84697
11.5531
10.7079
9.27491
12.5156
8.42677
10.5287
11.8144
4.89695
9.74413
6.61802
9.56477
9.36847
12.529
11.5411
11.5045
11.9721
8.68853
10.1293
9.4075
10.4834
12.1661
9.97308
12.8467
8.29189
9.40556
8.37817
12.8629
8.25106
5.19184
9.33869
10.0703
9.32105
12.003
12.4795
11.2236
4.63784
9.18421
11.9181
9.09796
11.4858
12.1079
10.2117
7.08547
10.3743
12.8133
9.8388
9.77132
11.0582
8.09452
11.7767
8.08348
13.9079
11.4073
8.41534
9.13712
10.7614
9.8194
8.5091
11.9158
8.60891
10.9144
9.99523
6.47518
9.69856
7.2785
9.51909
7.84193
11.0163
9.83276
11.9552
7.52919
12.6227
10.4719
12.5462
8.42103
7.84164
7.21385
11.4631
9.44982
8.98171
10.6362
8.80535
9.664
9.69073
11.0772
8.96211
10.2353
11.5585
10.6426
8.33888
6.38992
10.753
8.12708
8.52019
8.51595
11.8837
8.82098
8.80292
8.63128
10.7002
9.46271
9.21314
11.246
10.8959
8.83939
4.22819
8.87807
12.0672
10.9596
8.45417
11.2043
7.12897
7.68058
8.98318
11.2245
12.9412
9.85492
12.2088
11.916
9.61412
7.46703
10.7759
10.1636
8.93873
13.1364
11.6571
11.1975
11.12
9.9029
11.6856
11.1458
10.7688
8.94024
10.2013
11.9179
9.99596
10.6098
11.0273
10.409
9.45737
9.86443
11.6245
11.6028
11.8283
10.4349
10.9288
6.32306
11.1378
5.89627
11.2517
12.6391
9.55369
12.2597
8.27457
8.59265
11.5729
11.9654
9.43437
5.52411
9.22259
5.01098
8.89744
8.59517
11.6272
11.7011
8.12396
6.66831
7.81682
10.3944
10.2429
6.35536
9.81874
12.0115
11.136
11.1673
13.3806
8.56029
9.90091
10.4043
10.6735
6.2439
10.1097
6.52746
12.5456
9.78012
9.8371
4.51745
11.7951
7.64934
7.38926
9.86039
10.8871
7.87541
8.96514
8.82263
11.5642
8.04953
9.47094
7.92637
10.6613
10.9231
11.9393
13.2784
9.87751
11.1278
8.13526
9.4592
10.9498
8.72838
11.4842
10.3818
12.2819
8.41724
10.5815
11.6495
9.98245
9.78874
12.4299
11.7768
8.53315
9.02168
7.73232
12.4552
7.93474
12.9538
7.29373
8.49186
11.1784
9.78596
10.2108
13.0877
10.9551
11.3822
9.70684
8.93056
11.522
11.6137
8.67901
12.2789
10.6466
11.8682
9.40499
11.6039
11.9904
9.12058
8.48538
10.2103
11.1693
11.7481
12.0943
9.9569
10.8175
9.06352
6.99967
8.61216
9.54989
8.56985
10.5444
11.4514
10.1318
9.45963
10.0619
10.2908
7.61428
7.61521
9.63219
11.7236
8.97151
10.9776
10.103
4.582
9.516
10.3824
9.53178
7.91126
8.55661
9.33415
10.3291
9.53905
10.8595
10.8032
10.5535
7.72038
6.55958
11.7634
8.85743
11.0654
10.0732
11.0528
11.4274
10.0119
10.8396
8.88987
10.4068
10.4501
11.0026
8.97124
10.7976
11.1983
11.0174
9.09917
10.2946
10.3299
7.48797
8.0414
11.5146
12.5003
9.92724
7.66603
10.215
12.3756
12.603
7.52223
7.06222
10.9316
12.5909
7.59098
14.242
8.01818
9.44616
8.63019
12.7037
13.874
7.8838
7.35878
8.58436
8.53275
11.19
10.6245
11.583
8.60264
8.31146
7.76509
10.9897
8.87055
10.505
7.52804
10.5132
9.13594
6.95948
10.2616
5.5296
10.7482
13.3874
9.76528
6.35265
10.0673
9.64377
9.66853
10.2572
13.2459
5.80267
8.18398
9.02127
9.1682
11.1334
9.68348
7.63512
9.77967
11.3648
9.65274
10.0088
9.44497
13.6179
10.1168
10.4943
9.14791
11.706
10.5219
9.16993
10.9486
9.36973
12.277
12.9088
10.5122
12.2433
12.3295
11.0527
8.88242
11.1336
13.972
12.559
9.01469
11.7718
6.50344
8.71921
9.68602
14.0238
10.6666
11.9271
9.42609
12.2338
10.1414
8.9962
9.38857
10.737
7.37243
9.82416
9.67581
11.7008
9.93259
6.26658
5.17996
10.1373
10.8012
9.92238
8.17446
9.68084
9.83022
6.97969
10.4871
10.1562
10.4631
10.7463
10.9324
11.9607
11.449
12.9731
9.88464
12.0042
10.8503
10.1775
8.68381
9.5055
8.68821
11.625
7.50467
9.08828
10.2585
6.59883
7.13973
12.8357
7.10968
8.04105
9.48582
12.8052
10.3782
10.084
9.13008
9.61478
9.43335
7.14858
10.9531
8.70785
10.8773
8.95434
11.7675
6.96925
13.2667
10.421
14.0231
10.1373
4.9272
11.1511
9.83055
11.3201
11.3889
7.83741
8.25331
11.6563
13.0279
8.22383
9.22885
5.53896
9.46284
8.02392
12.6591
8.55983
10.129
11.4657
13.425
11.7056
9.61816
11.0879
6.87491
11.5124
9.71724
8.38772
12.1404
9.31255
14.2105
10.4586
12.9608
11.293
5.97707
11.781
3.92324
13.2143
14.4787
8.96122
10.6484
8.36393
9.9102
10.1355
12.8274
10.4885
5.69449
9.00935
11.2966
9.91248
11.9258
10.7705
6.40218
5.71346
8.7949
9.73322
9.94148
10.5636
9.23252
7.59552
5.55942
13.4311
8.98219
9.84361
7.85975
8.62679
11.7818
7.30655
9.60682
13.4296
9.81904
8.93208
9.01322
10.0666
13.3714
9.2796
7.70859
11.8755
8.9891
11.2549
8.88285
10.2624
9.42807
9.76533
11.6903
8.90685
10.5997
7.84112
13.6656
7.31597
10.5752
10.5286
11.1962
10.6439
7.6072
7.21943
6.38296
9.09272
10.0071
8.88208
9.52992
9.89013
12.4033
10.4823
11.4482
7.6347
7.33275
11.3019
10.1084
7.8041
11.0368
11.163
11.1052
12.5722
11.8853
11.9079
7.34131
8.77518
11.6774
9.24482
11.0329
12.1703
9.90782
9.59475
9.85761
11.095
9.17666
9.72222
4.05615
12.0713
12.1492
9.90256
6.99866
12.5195
9.01583
7.678
9.25649
8.31322
10.6848
9.38369
13.4081
12.7293
6.98711
12.0283
8.83215
11.3563
7.0848
9.01824
10.3283
8.55275
9.53922
9.6403
6.07492
10.5574
11.6392
11.5676
11.2269
7.62422
9.3663
11.1003
12.9771
10.2185
11.8954
11.2706
10.3378
10.6953
9.10945
11.097
13.9968
10.529
12.8599
7.2402
8.9901
13.3459
9.3288
10.9342
8.89426
9.1505
9.69595
10.2393
9.88685
11.0519
9.38805
10.4217
11.2534
10.1411
10.0996
11.8302
10.4105
10.3361
7.18421
9.56768
10.5807
8.24549
6.60968
13.6816
6.23403
11.1802
10.4769
10.2824
8.72449
7.58198
11.7138
9.28412
12.0681
8.79926
10.4811
10.9205
12.3614
7.75768
8.60462
12.1835
8.31152
11.7915
10.4173
13.0429
3.35685
10.0618
11.6683
10.4216
11.4516
9.16383
9.10962
6.62945
8.81195
8.233
10.6635
7.87915
12.2268
13.0442
9.939
9.98991
9.53779
11.5889
11.2526
10.8534
11.3762
12.4055
10.8639
8.34238
9.78415
12.3677
11.4339
7.97469
8.65399
10.8012
10.3337
8.43409
6.43831
12.5896
6.05649
11.0596
6.94136
7.65401
9.96869
12.5685
9.10984
9.74614
12.0838
8.28451
12.7709
13.1399
9.65557
7.0144
9.64129
10.88
10.8199
9.07824
10.5808
10.7055
9.67131
10.4604
9.46868
9.78025
10.1242
11.4032
11.7289
7.07459
8.01222
9.13473
12.9765
12.8404
7.68789
10.8537
10.3888
9.73496
9.16378
10.8707
8.73823
8.2216
7.84187
7.07805
5.53428
11.6498
12.9506
9.68894
5.5871
8.79426
10.7936
11.0003
12.1124
8.62859
8.39196
8.48288
8.67851
7.88623
10.176
10.0899
11.2758
8.92004
9.77065
10.1003
8.9555
11.7079
12.61
8.06317
12.8567
9.11694
5.9439
14.5095
9.64598
13.8873
10.8703
10.6103
7.65396
8.04475
11.2182
7.9684
10.9458
8.47299
9.42116
11.4554
10.3002
11.275
10.2866
9.16311
10.9015
11.1613
11.5211
8.28884
10.1324
9.31023
11.8826
11.4994
10.5768
9.97579
10.3553
10.755
9.85428
10.7284
13.1187
12.8328
10.2745
9.06082
12.4543
9.75423
12.3678
8.12937
9.82024
8.50005
6.75548
9.64483
8.59628
9.29952
8.99034
8.86917
9.46561
12.0755
8.11339
12.6143
5.29945
11.0083
9.33627
11.0366
11.1283
11.0707
10.1425
12.121
9.78518
8.27892
4.45187
12.618
11.6311
11.982
11.2764
12.0102
12.1545
10.5217
7.77853
8.24485
12.8124
10.6579
12.2479
7.89167
12.196
10.4434
9.1653
9.3571
10.9885
7.20833
13.4009
11.04
6.05902
12.4342
9.23245
11.0895
10.1633
12.2452
9.38076
9.85127
9.61082
10.411
7.35777
7.60725
10.0601
10.1986
7.09628
8.85831
9.85377
4.93496
13.2708
9.22006
9.76458
14.6753
10.6133
9.78914
14.7967
7.5145
10.5492
4.90533
10.579
13.1615
12.5795
6.90975
9.48259
8.58437
7.83089
9.36382
11.9372
12.099
10.7281
10.4736
6.85614
9.45006
10.7256
13.2323
7.49878
10.359
13.4666
12.6632
13.338
9.78927
8.00589
10.2146
9.03336
7.51553
11.1624
11.1055
11.9897
11.3002
8.0451
12.9252
11.0306
9.72808
7.45175
13.5006
10.4675
12.6642
10.9406
11.1322
9.25384
7.5401
9.00491
14.319
7.255
8.99118
9.24078
11.7306
11.8923
8.1453
8.74622
9.35642
13.2929
11.2488
6.6657
6.14828
10.3479
7.85666
10.3658
7.81752
7.34101
12.8518
10.3804
10.6472
10.6229
10.4913
7.91301
11.4393
11.3677
9.23851
7.19054
8.79075
9.81182
12.1406
10.938
9.87982
8.69832
10.0085
11.5729
10.304
9.48286
10.6865
12.2762
8.46761
9.76876
9.39828
10.5046
10.23
8.65658
10.651
6.40351
10.4332
10.698
11.5726
9.59949
12.1148
12.7957
9.74807
8.72932
8.47088
8.65451
10.1707
7.75158
11.468
10.7595
4.78195
7.9146
7.93927
10.5582
7.31994
6.87627
10.5305
10.6552
9.13341
11.4729
7.8151
8.84843
7.88723
10.2867
10.2918
11.6776
10.1626
11.3819
8.68249
7.53261
7.46876
6.89564
8.24313
6.16712
9.25243
11.1433
10.0482
8.02516
11.4231
11.499
10.2214
10.7379
6.29348
7.71119
10.6913
11.7907
12.408
8.59517
8.09179
12.8567
7.6927
9.91267
9.33479
8.05059
10.3554
10.9934
11.6296
11.2886
8.31892
11.3266
11.6568
9.27105
11.064
13.4199
12.4516
11.769
4.19965
8.87205
11.7844
10.2935
7.90157
11.5564
9.38567
12.248
9.5719
6.68911
10.7267
9.20223
12.6094
6.91126
11.108
10.3548
13.3851
7.14474
10.4929
8.88146
10.9692
7.60396
7.5162
9.43014
7.91631
8.81947
10.8357
10.0528
11.2456
9.28066
7.62155
5.45819
7.98721
12.318
10.3433
9.28637
8.95296
11.2633
10.7137
11.4521
10.5817
11.6
10.4485
12.5109
7.4632
9.14211
9.81027
5.33446
9.85182
10.571
9.35254
7.73246
11.2593
9.86056
10.8455
10.2294
10.6873
8.44654
5.69902
6.89542
8.69701
9.75139
10.3369
13.0759
10.8784
6.60229
5.02119
8.35956
8.5592
8.76455
8.18136
9.21039
8.58275
9.51469
8.66652
8.34494
10.8782
9.80193
10.5424
10.0655
11.253
6.84038
11.594
12.4291
11.5515
9.91
8.41323
9.47527
11.9586
10.3841
11.7055
10.9553
8.90475
14.436
11.0895
10.9661
8.21001
11.7285
9.5903
7.33995
9.70509
12.2079
12.9097
9.97893
9.81475
11.3978
9.35324
8.52132
9.03148
10.5584
13.2721
8.60644
7.17803
10.8569
15.6752
10.6749
8.79856
9.60602
10.4899
8.91781
5.65469
11.2684
8.60513
7.49091
10.2622
11.0405
10.2563
8.37959
9.50688
13.0344
8.73687
9.0001
8.19038
10.713
11.0435
11.8623
10.812
8.31228
9.30241
8.55633
7.35764
11.1136
9.77777
11.1888
9.49524
9.87645
8.81497
9.67593
8.49601
9.50914
12.312
13.2389
12.4364
9.36673
8.80969
11.9178
12.5769
9.32954
7.57617
12.0783
10.4699
7.07998
7.9518
9.23841
10.8977
9.22814
11.3463
7.14133
10.7154
10.236
8.98405
8.79083
10.3398
9.55199
11.7552
11.0198
10.0801
9.17119
10.7244
7.44137
9.11201
13.161
9.66805
8.87051
11.0891
10.0003
9.59337
13.2546
9.7313
9.91701
7.21034
12.7495
13.5349
8.67244
9.34684
10.7393
10.4728
9.67595
6.7505
11.1464
9.8969
12.1993
9.44726
10.7245
11.3813
9.52664
10.3963
11.0329
13.0419
8.65577
9.96841
10.2746
12.3102
11.5998
9.0049
10.3217
12.0934
12.4657
7.71831
8.63567
9.16009
7.26306
12.2013
8.35929
7.23673
12.6955
7.99485
11.6305
10.9475
10.5065
7.61221
11.9131
13.0088
8.0718
11.4827
9.80253
8.54845
13.084
10.5665
10.817
7.94647
7.553
11.7161
9.16627
11.8098
10.7925
8.83918
10.3356
8.92943
10.2585
6.79911
8.14359
9.02419
11.7797
9.58095
9.00552
10.967
8.47621
10.9967
9.52812
7.02805
10.1269
11.0279
10.7763
12.9307
8.33965
8.95401
9.70326
12.4195
11.6837
11.096
8.03519
11.4726
12.7306
8.69126
9.35993
10.9207
10.6058
3.4131
11.2066
7.48535
8.16068
8.63249
11.5915
8.92985
8.49908
9.35143
9.15712
11.1966
11.8612
4.91947
7.354
10.5144
11.3112
5.39948
7.94386
10.1235
7.34334
10.4726
9.05493
11.3634
13.3613
10.1358
11.4389
11.9701
11.2756
10.6232
11.0586
8.16616
11.4063
11.7577
13.2296
7.20206
13.1912
11.1124
11.1869
5.27288
8.0039
10.0808
9.94257
10.6478
11.664
10.899
8.4566
8.94289
9.5639
9.29392
9.51587
12.666
7.82863
10.0385
10.314
8.3405
10.6213
12.0543
10.4893
8.40715
8.77998
8.86361
11.4063
11.2151
9.88361
9.88378
9.92786
10.3674
8.53119
10.3682
9.37193
9.3597
12.0331
9.80557
11.2118
11.7621
10.3017
10.22
9.13946
10.6337
9.47622
5.64511
9.82647
11.0071
10.7577
13.3971
7.82015
7.01165
11.493
9.65223
11.315
9.91623
10.3895
10.5794
9.61012
8.99471
6.19314
5.45491
9.88366
9.71248
12.6802
9.50056
11.8212
7.07744
9.96204
9.72875
8.48394
9.49237
10.2051
7.65777
9.30649
9.2734
13.6205
9.34582
12.62
10.8167
11.5076
12.549
10.9528
8.61269
6.79894
10.1487
10.8952
9.54751
11.335
8.6622
9.20663
6.10974
5.20504
10.7224
11.3986
9.22758
9.58724
10.6957
12.5973
10.7363
10.1927
10.349
12.409
8.76859
10.9912
10.9933
7.80471
10.9468
10.7084
10.3192
5.60213
7.34714
8.4199
7.8786
12.6674
11.4636
10.7614
9.75381
8.86567
10.4696
10.8744
9.71634
8.15667
6.11781
8.18466
12.4933
4.91832
12.168
7.59532
8.7993
10.172
11.7561
13.2135
11.3375
8.65099
11.1758
13.3938
6.44733
10.8208
9.2476
9.49728
8.42612
10.6332
13.0806
7.82055
10.0301
9.76229
8.52334
9.50836
9.44595
11.913
10.216
10.3071
13.3187
9.01492
8.66798
9.05265
6.68542
8.23055
8.12804
10.0348
9.11224
6.56252
12.1805
12.1418
6.48464
11.2698
9.48893
11.5522
8.75532
8.77997
7.19716
12.6603
9.74616
9.24706
10.7524
10.0267
9.83326
11.5549
12.3975
8.36208
11.0142
10.1818
7.90634
5.52257
9.03637
8.27607
9.68175
12.1434
9.46647
11.9588
13.5567
9.89471
9.90987
11.6613
9.12354
11.2238
8.21644
13.6586
11.7975
11.1812
8.41656
8.86284
11.1937
7.4348
6.38433
9.06603
8.80495
9.44168
11.4727
9.23059
11.1576
10.2651
10.2819
10.3615
5.57421
11.8926
8.27616
12.6042
12.4205
5.16491
9.68836
8.46513
7.97493
12.0926
11.1532
9.36627
11.0105
6.3175
12.2992
12.4879
12.07
10.3748
11.5198
14.7215
10.4736
11.1938
7.57304
10.8494
10.1622
11.8356
5.23988
10.7196
12.482
8.81969
10.6066
11.8258
11.4533
10.0465
11.4055
10.2645
9.5251
9.50982
11.744
14.2607
9.13219
11.7359
7.32479
8.33107
9.42947
10.554
11.1598
11.732
10.1105
7.9173
6.40671
12.8284
10.474
8.08442
7.62798
9.89912
9.49648
8.43907
12.0058
10.4316
8.88146
10.8848
8.68289
9.20072
10.5623
8.45567
11.2866
8.96393
8.78215
10.3238
11.5865
12.301
9.40366
6.9967
11.3037
8.48445
8.75685
10.3247
8.32135
8.75099
10.3952
7.93384
10.8868
9.14305
10.5151
11.7146
13.0938
13.8888
8.44215
9.07544
9.15662
11.0755
9.91105
10.2752
8.72603
11.2588
10.7229
6.63313
8.78947
12.2694
12.9433
9.72295
9.34874
11.8416
8.73197
12.6234
8.85359
7.56358
10.2115
8.17057
8.02902
8.88551
8.90568
11.9523
5.90052
11.256
6.52803
8.57255
11.1867
11.08
10.8992
9.23241
11.0576
9.41657
7.17116
7.47144
10.3346
10.2796
8.85817
13.9466
9.11297
10.5669
11.3173
11.8177
7.8173
7.94622
8.86293
7.88082
8.63978
9.84961
10.8647
8.40574
8.33233
10.2305
11.1461
8.31303
10.7181
8.81073
12.0833
5.99885
9.81171
9.48606
11.4449
12.226
12.2951
8.32115
9.59942
10.9334
12.7257
7.91082
10.1048
8.13033
12.7237
6.56616
10.1218
8.41335
12.0204
10.303
10.1357
9.62274
8.87746
8.52867
9.73637
12.11
8.1107
5.62661
7.09884
11.5381
13.2073
10.2004
8.67285
8.69586
9.42391
11.7115
11.2712
12.7917
9.64273
12.5227
9.11611
9.82975
7.06333
11.5723
10.2024
10.3836
11.0554
9.92386
10.2174
12.483
7.47562
7.74175
9.81995
6.79913
9.52002
8.06227
7.93564
8.91537
10.6825
12.9433
7.94622
9.605
12.1461
10.894
11.3471
10.2259
12.4905
7.65563
10.9399
11.719
11.2194
14.0797
12.4383
10.1506
9.34315
13.0452
11.6674
11.3448
12.5697
8.43788
13.1671
10.6263
11.4515
8.09315
9.51979
9.38981
10.5979
10.6588
6.5801
11.7092
9.78472
11.8582
9.00172
7.46448
8.64639
6.55906
10.4306
9.65235
12.1637
7.62707
10.7158
10.6896
7.92739
9.85325
7.993
11.9951
9.00154
7.43502
8.03076
7.50532
10.8252
14.0192
9.6453
9.97017
9.49947
10.4171
5.54019
7.48989
12.1913
8.73166
11.0549
9.53682
10.0573
11.8162
9.30382
10.4127
10.3647
13.6424
7.25237
10.6748
12.5569
10.5275
8.81766
11.8716
11.1591
10.0927
10.3125
7.69495
7.78593
11.2142
7.11628
9.39122
10.9235
9.21118
11.1928
10.3425
12.7588
11.9548
14.2316
11.877
7.75212
10.5426
10.5392
9.22267
10.9215
8.77828
10.792
11.7914
8.54186
11.4318
11.5454
10.3794
13.1704
10.4392
9.26884
8.54929
6.7544
9.29591
12.5306
8.46392
9.89175
10.1024
8.29026
13.3528
9.84627
9.45477
9.19777
12.9173
11.1548
10.0096
8.67807
11.8383
8.84034
10.6855
8.80485
10.289
12.4339
12.6027
7.93513
12.2881
9.49893
8.67401
10.8001
9.18433
9.2485
9.98739
10.9925
10.1155
10.0153
9.84081
11.1372
9.7026
11.593
9.80305
11.0519
10.8446
7.65862
11.2786
13.8186
12.748
11.0511
9.69788
13.583
9.23561
8.88078
10.5989
12.0736
10.0442
10.6173
11.042
6.12893
8.39172
9.58731
11.289
6.66091
11.6368
13.0349
9.45272
11.2779
10.0123
10.1779
6.61144
8.84192
8.25755
10.1025
9.57973
11.654
10.838
10.8811
12.5733
8.28851
11.1872
7.89177
12.619
12.6272
10.9381
8.8925
7.26179
9.35383
9.42253
8.2158
10.2778
10.9486
13.418
11.9293
11.7826
11.8416
12.5296
11.5522
10.52
6.96861
9.26927
10.541
6.10668
12.1811
9.17501
8.33323
11.3901
10.1165
6.88826
10.9164
11.2982
11.8179
9.66321
9.71617
8.55798
10.2813
11.9021
11.1204
4.5924
9.2785
8.83865
11.9275
8.73655
8.61744
12.1703
10.966
9.36842
11.2282
8.12836
9.80541
9.34166
11.2478
10.7895
10.8321
5.63688
9.7015
11.3736
8.1612
6.5343
10.3868
11.5114
11.6961
11.1618
12.3544
8.95414
8.57307
6.84324
10.8654
11.3886
9.63898
10.5696
8.42576
9.59596
7.58017
8.65849
6.4303
6.96188
13.0395
9.0765
5.46889
13.4837
9.29859
8.74944
9.78044
10.7419
10.9974
7.06253
10.3868
12.7091
10.8573
9.88566
11.7336
8.80517
7.29232
9.72407
13.0766
10.6449
12.9913
13.2452
6.22879
12.1314
9.43442
9.54556
12.0031
9.78141
8.53924
13.2744
10.6379
12.2135
6.18865
13.5315
12.0008
9.64114
9.86991
11.2964
11.5206
12.4357
10.8372
11.1758
10.2746
9.84235
11.5757
11.6217
8.08558
7.41394
6.38133
11.2483
11.8062
8.71709
7.14577
10.2756
10.8686
9.92693
12.804
8.25265
7.38489
13.3611
8.35092
6.86062
9.88708
9.06284
9.85056
11.0782
8.925
7.87195
10.2825
7.32695
11.8394
11.5698
11.2226
7.4018
10.8843
13.249
13.0586
9.17023
5.99934
11.4291
11.8603
12.0859
7.59235
11.4907
10.5069
8.25582
9.48423
10.1889
11.0468
10.6118
10.5083
9.01765
8.83997
8.47405
11.8145
9.41555
8.88628
12.3574
10.4793
6.14003
6.29616
11.7085
12.4036
8.53453
11.4446
13.1554
6.61722
13.2678
10.2126
13.1403
7.94943
12.9873
6.82571
13.1082
10.5581
9.33079
9.36871
8.30109
12.9314
8.66542
9.32042
12.0112
9.80355
10.0922
9.92541
8.52889
7.9502
9.28324
9.24952
5.2014
11.7266
12.3034
11.6126
10.0622
8.65349
8.26632
11.276
10.5312
10.9919
9.88107
8.15986
11.0891
9.49397
9.94368
9.96235
9.73709
11.4879
7.32228
11.6714
9.06229
10.3923
9.44122
10.6762
8.66229
10.0378
10.2613
8.80519
11.5281
7.54953
8.01583
7.67821
9.44386
7.86485
9.19432
9.35917
10.8093
8.56817
12.2575
9.76582
9.53592
9.85903
10.426
10.8455
9.76258
8.79307
12.0744
9.00054
11.9897
9.64814
10.2054
12.451
11.1622
11.6347
10.7596
10.3717
12.4737
5.52306
10.9331
10.8428
9.84951
8.63831
11.6922
12.9674
8.33108
10.9428
10.3791
9.78511
10.6314
10.2925
9.6665
7.4901
12.1698
10.66
11.1859
12.3109
8.2179
10.0235
9.78119
10.3885
8.81258
7.52785
12.0919
8.14233
10.8905
10.6338
11.9993
9.05922
11.8017
10.4534
9.64896
9.1316
10.7371
11.9651
8.74771
11.4182
10.9438
7.34615
7.08739
8.36642
10.2276
10.2253
10.5509
8.41463
9.38055
7.8843
10.0953
10.0452
12.3111
10.5361
10.1722
7.941
11.4127
10.7122
12.9133
10.9707
11.9441
7.62134
8.3071
8.86216
12.5224
11.8277
9.56521
9.8289
7.6916
11.4591
9.46714
9.52687
9.31264
7.49537
7.48324
10.3731
9.52551
12.2581
7.49282
12.3201
8.1543
7.51218
8.69169
12.1264
7.75156
10.4899
11.052
3.03118
12.9547
9.88903
7.00411
9.60065
11.0722
9.31999
8.3138
12.7852
9.76726
10.7088
5.74753
9.39812
10.2151
11.2676
11.1141
5.80927
9.70878
10.1206
10.8588
10.0631
9.35502
10.5058
11.0315
8.45812
9.91424
10.9617
11.4081
10.1411
12.6849
12.0648
10.1796
10.0133
11.961
12.8052
7.17829
13.4313
6.00673
10.7457
11.1609
10.0856
9.00396
13.0966
9.00169
11.2659
8.87948
8.25018
9.62024
5.59593
11.8712
14.9957
12.8308
10.898
11.0413
13.3635
9.78017
8.45365
10.6822
10.1008
13.4112
9.23679
9.83422
10.3082
7.06653
7.21918
10.3361
7.39017
11.2933
9.1461
11.262
10.7034
9.81953
12.1652
12.8937
10.1259
8.56156
11.1789
9.47649
7.63929
8.95036
9.05166
9.086
6.42567
8.25103
11.7645
12.6726
10.4688
12.6976
9.85486
7.496
9.94795
7.62367
11.5102
11.7229
6.65585
9.57886
7.51303
5.07239
8.36157
9.44994
7.78282
9.17966
12.1763
10.4499
8.33554
8.87429
10.7897
8.47457
12.5267
12.5059
11.4411
8.51208
12.3571
9.36362
9.54841
10.3843
8.78081
8.9696
7.93013
11.6283
9.05738
10.2301
5.64607
12.8811
10.2917
11.6992
8.59057
11.0142
9.17593
8.17075
9.36983
11.438
10.9374
5.82124
7.83059
10.3965
11.4914
12.9659
11.7557
7.25208
11.1486
7.46846
10.7257
10.0822
6.19638
11.9017
9.56542
9.572
11.6726
8.01698
10.621
12.5736
12.0185
9.82623
7.74366
11.7829
12.0734
12.5156
9.22204
9.09064
9.62711
7.23563
8.97233
12.534
9.35557
9.39422
11.1716
11.1085
8.06244
6.55732
6.27447
12.174
9.76404
10.8577
8.49788
10.8632
8.40722
10.0749
8.9276
10.4791
6.94212
14.2222
7.63578
6.58547
11.1253
11.771
6.89175
10.7318
12.3652
11.4707
11.1743
9.66203
8.74686
8.26494
8.06311
7.32976
10.2639
7.42925
10.9057
10.6279
8.44626
10.5077
12.5982
7.1552
11.1472
11.0915
9.44252
6.8791
10.5699
11.9717
11.1908
12.0831
11.8123
10.0719
11.2325
10.0598
12.675
12.8965
11.0585
11.4966
11.7307
9.12447
9.13905
12.4969
9.73461
8.069
11.579
9.00795
12.761
9.2399
8.31901
9.78429
8.08488
8.48827
9.71604
7.97487
11.5461
9.04426
9.43481
13.0158
9.79565
10.7749
10.3647
11.0085
10.1281
11.4352
7.34633
9.21608
13.2003
11.6173
10.1821
7.0666
11.4814
12.3396
10.9886
8.92611
11.0918
9.01549
11.0143
11.3115
11.4857
10.204
9.17603
8.95191
10.5261
11.0055
10.5707
11.5913
10.0675
6.95968
13.1195
10.6112
10.0949
9.18142
11.6251
6.37335
10.6527
9.33341
9.4515
9.69299
7.82898
6.82132
5.94564
7.99487
10.5147
9.08701
10.8598
13.6353
11.3412
12.1704
11.0569
12.9932
10.8627
8.75022
11.5458
9.83831
12.5672
11.6392
11.8962
10.6383
9.9877
13.843
10.4475
10.3723
8.92066
12.5416
7.79407
10.6183
9.71966
9.98211
14.4412
10.3891
11.7304
8.40354
7.08165
13.2749
9.11667
9.42997
11.9575
7.21335
8.11514
11.8109
11.674
8.34837
9.80688
4.43619
9.61422
9.1965
9.58073
9.23262
9.64376
7.11409
9.6652
8.35315
8.68561
8.80896
10.0573
9.45356
9.35354
11.5597
11.5329
8.88142
9.84469
10.0434
8.73842
11.2667
12.3066
11.5926
8.92364
7.08711
10.7177
12.5942
9.75571
9.09501
10.8333
11.8712
10.9772
8.89767
8.82836
9.53079
9.99581
11.8482
8.13737
11.5715
10.1358
11.2379
10.5564
10.2309
8.83261
9.22649
8.4678
10.1515
10.3659
8.46184
8.0903
9.70055
10.995
10.6673
9.82535
12.6126
9.68807
11.7876
7.98948
7.69436
8.28985
12.621
9.97582
12.3198
8.86234
6.34516
14.1234
7.85093
13.8102
6.00305
8.65127
11.694
10.5591
10.6538
11.1686
6.81712
10.3652
8.76614
8.74532
10.9417
10.1744
9.82421
7.20366
7.33482
8.11071
11.8319
7.63391
11.5364
12.011
6.22565
7.99061
10.2381
8.39597
8.60693
12.0579
9.73392
11.98
11.0945
12.1365
12.2276
9.48263
10.2567
10.5281
5.84706
11.5794
9.58953
11.0537
12.4054
8.8923
11.7059
10.0929
12.8932
9.91034
11.8133
7.49098
9.73921
8.57145
12.8937
9.73685
11.0992
11.0345
9.11341
9.49185
5.64479
10.6468
9.84839
11.7446
13.0987
7.71451
12.0532
13.1371
11.4596
6.85272
12.3761
11.0751
9.45359
11.1239
10.9451
9.16376
8.86267
11.624
11.4552
10.2255
10.8957
9.94282
14.0486
8.07678
9.22685
10.0216
9.58202
8.73959
7.74186
9.5582
8.32642
10.8331
11.1513
6.69097
11.6405
12.4953
9.97561
11.2896
12.0301
8.49487
9.03126
7.42386
9.59065
10.4291
9.47516
12.3627
12.0777
10.5097
9.23809
8.97806
9.54318
10.0128
9.11011
11.6541
7.28583
8.49654
8.81399
7.50606
6.35842
7.34913
8.40944
8.91886
11.043
9.17917
11.0486
13.22
8.14903
9.88667
12.0243
11.4078
7.38664
10.3063
8.2645
9.99118
9.58508
8.78383
10.3502
11.2903
10.3714
12.1165
8.81924
9.66079
10.6848
10.4967
11.8348
11.4541
8.97622
7.45719
11.3909
9.57437
11.5825
11.1695
12.2588
10.0796
12.88
10.2111
10.3449
6.09862
10.6757
12.4885
9.8811
9.23592
11.8526
10.4939
11.0052
11.1283
12.3769
8.60088
12.0437
9.47549
9.65894
12.5256
13.5871
9.56859
6.50287
6.29916
10.461
10.7846
11.2582
11.6848
6.89268
10.8261
10.3895
9.63576
12.0982
8.63601
9.07716
9.38357
9.649
12.4103
11.017
9.32441
10.882
10.0372
5.95161
11.5175
11.4925
10.6486
9.89071
11.5918
12.255
5.30107
11.3851
13.187
7.38418
12.3679
6.67189
9.53838
13.4192
11.934
9.93932
8.80102
11.2537
8.76456
9.92652
12.2841
9.13833
5.67692
8.42145
12.2941
11.5978
10.5097
8.21843
10.6322
10.1115
13.458
9.63262
11.9361
13.2224
11.2704
10.0657
11.1771
12.1544
10.0604
8.11742
9.89017
8.88305
8.91902
8.50677
12.0051
11.5693
11.324
12.9415
8.77499
11.002
11.4501
8.18654
9.29389
6.06459
8.68968
9.20982
7.76681
9.78388
11.0769
9.09071
9.56771
12.0194
4.53286
5.71334
7.69587
10.3241
9.79418
12.523
9.87679
8.13539
11.6903
11.1612
5.64037
8.88508
7.71665
9.76969
11.6307
12.7821
9.1596
12.1209
11.0261
11.8303
11.1118
7.88636
11.7655
10.8273
11.6231
11.1567
9.23396
6.59861
10.0414
6.42247
11.6178
12.0892
7.64943
8.83309
8.83222
3.9797
10.8995
4.31415
11.2479
11.6702
7.17648
9.9107
10.3305
8.50647
9.42746
9.37733
8.0628
5.98356
10.0528
8.50771
10.0862
10.4349
9.6459
8.97249
7.70737
13.585
8.05535
11.871
12.9477
11.1162
11.7994
11.8695
5.51268
13.4563
8.56788
11.3667
9.8513
12.1067
10.8583
8.8872
8.34371
9.91517
12.5664
7.14456
10.8558
12.1596
10.0471
12.0134
11.5116
11.6081
9.52048
8.3356
12.6852
8.6965
13.3009
7.85793
10.7124
5.19006
10.1693
5.71582
12.7412
10.9718
10.622
10.9664
13.0028
9.7881
11.5149
10.449
10.832
7.40219
8.90413
11.3102
11.6702
12.4303
8.63519
3.79134
9.01081
7.42929
8.92288
7.0599
8.73101
9.9925
11.3362
10.6121
12.9369
7.37875
10.2243
7.89216
8.11279
6.88849
7.29259
10.1009
11.2238
8.78896
10.2302
10.058
8.77333
11.6093
7.69627
8.76843
8.81603
10.476
8.5279
6.85301
11.3051
9.71262
11.2525
9.75342
11.0495
13.2039
9.24519
9.08788
9.89822
12.3052
8.96654
12.3498
10.2873
11.0372
9.84704
9.60988
12.0036
9.60748
8.35288
10.0062
9.60263
9.07867
11.2433
8.75559
10.4904
10.458
10.5592
10.3049
10.5659
12.2286
13.1217
7.28985
9.84973
10.385
10.5765
10.9878
11.7176
13.0664
7.20623
11.859
7.73676
9.45878
8.07249
9.48092
10.2911
10.6221
9.75899
12.6477
8.18426
10.5217
7.44589
9.27379
8.58354
9.93903
6.80934
6.97999
7.42836
11.5308
10.2455
6.13375
8.28982
11.4175
12.6245
12.6971
9.68338
9.65081
9.78572
7.28252
7.76347
13.455
10.49
10.5714
10.5066
9.14058
10.1647
8.1813
9.76546
13.5996
8.2191
9.69822
7.00778
12.4175
11.7555
8.86421
5.94989
9.74706
8.91835
10.2587
10.3329
10.8703
8.01672
10.7242
10.401
6.58962
12.3469
9.63569
12.1809
7.58226
8.79656
5.44784
10.0009
8.86226
10.7719
11.574
7.75887
11.88
12.2863
10.7693
11.4078
8.08837
9.8481
9.18701
11.7846
7.16669
10.8302
9.82875
9.65009
12.6873
9.98787
8.43786
8.09562
9.39833
9.34676
9.78479
10.3298
10.1275
11.2801
7.32193
12.4752
8.5067
11.4846
10.1055
10.5478
11.1735
11.4595
10.3416
7.89562
9.0899
11.959
7.77572
5.22239
7.80227
8.7514
7.44716
8.17935
9.64915
10.7992
10.0753
9.43418
11.3435
9.23532
12.1717
8.39618
9.6619
11.1898
9.59387
10.177
13.1425
8.71359
11.0069
12.7311
9.20261
7.30893
11.3964
11.0515
9.89274
10.8596
11.4742
13.0813
12.3435
13.3234
12.6507
11.6785
9.84401
9.32664
12.632
9.61602
11.251
9.43649
10.6534
7.75544
13.8752
7.32374
11.6017
11.6135
10.8634
9.71728
8.92091
9.8208
10.5896
9.43804
7.99542
7.8134
9.84197
7.50956
11.157
7.30376
12.6332
8.29489
9.73471
9.12525
8.5747
8.44915
11.1541
9.75124
9.31115
8.04243
12.5878
11.4398
10.399
9.25523
6.61362
8.42606
12.5625
10.4739
9.87449
11.0916
10.1199
8.37014
12.5248
10.4867
11.1379
9.32934
10.1259
11.3818
10.3996
11.0971
10.4859
11.2077
10.2667
6.87797
11.6104
7.15445
9.03569
10.6324
7.12966
10.5154
9.60406
8.50146
11.9586
10.2589
14.1702
3.70238
10.8552
10.4588
11.8985
9.27404
9.04248
11.8567
9.80389
12.1954
8.80655
8.2219
9.82046
11.2767
9.63491
9.33719
5.61271
7.81145
11.9773
12.2654
8.25351
8.38237
8.7837
11.2599
11.5579
8.54249
10.6125
8.74052
9.82125
8.69621
8.3436
11.9374
10.6804
6.89052
12.2296
9.45673
9.35234
10.6316
8.20959
8.52324
10.4007
13.1495
13.3904
7.57226
12.0848
10.273
8.11006
10.106
12.7627
11.2255
7.10731
8.27378
11.0867
9.15095
10.8272
11.0532
13.7709
10.4895
7.45977
7.19201
11.3861
6.411
9.30839
14.0622
9.55425
8.80072
9.05739
8.62652
7.38065
9.45184
11.1745
8.93946
5.83901
10.1012
9.64261
8.69236
11.2502
10.9853
8.25612
12.7982
9.80364
11.973
12.9654
8.96784
10.6183
13.8363
10.2516
2.75652
8.57486
8.03811
9.97982
11.2561
12.7774
8.32591
10.1414
11.0812
8.31796
12.1929
12.0002
10.1623
10.181
12.8211
9.43845
11.9629
8.32229
8.33792
7.8877
10.1901
7.50727
9.74105
10.3223
10.2062
4.58055
11.0287
9.60219
10.7352
11.8947
5.68632
13.1919
10.1102
8.72557
8.57495
7.26155
8.6537
5.69556
9.25663
9.92886
7.89805
10.7166
9.5067
8.4412
11.8771
11.8921
9.42524
5.20288
9.58663
11.2947
12.3786
8.01639
10.8147
10.6243
12.2405
6.1603
7.36815
8.71157
8.05439
10.9369
9.72739
8.32669
12.5933
10.0418
12.1908
8.4435
12.1103
11.0635
7.96001
10.0984
10.2494
9.91111
10.7703
7.68834
3.6097
11.2165
4.36984
10.0925
11.8139
8.80225
10.5535
10.6667
7.58937
8.96092
9.64623
7.44189
12.5404
10.4822
9.94202
7.85978
13.9629
8.38677
12.9516
10.2419
10.04
9.15192
9.28291
10.7102
8.36859
12.0852
10.4406
12.0894
8.82451
13.0587
10.6899
11.09
11.248
10.0112
11.6239
8.64968
8.59006
9.99797
9.96186
10.7857
6.41582
11.0245
10.0496
6.26948
11.5393
10.4649
14.5336
14.528
8.97292
11.1177
12.3981
6.73703
11.3556
9.52803
8.18704
9.24869
12.2311
6.73142
9.11931
8.95928
10.8214
9.04953
11.5591
11.8574
8.94763
11.5745
7.84038
10.0168
10.7458
7.16202
8.45827
6.78344
4.9899
8.60508
7.54882
9.76741
8.42266
7.53174
7.17093
8.8759
10.377
8.9583
9.01199
9.39808
8.03851
11.6849
8.42351
11.7485
11.6932
4.17872
10.7608
13.1254
9.93479
11.1156
11.7282
7.70225
8.22619
7.92827
10.2857
7.51301
10.444
8.39507
9.7328
11.6217
10.75
10.9567
8.31147
11.4675
11.7843
8.24901
10.1256
10.9663
10.9164
11.2142
10.725
8.58356
11.3699
13.3737
11.0337
5.69893
9.85399
9.90185
9.68734
12.5634
6.34826
10.8744
10.1923
8.47417
13.4611
8.48023
11.6212
9.07803
9.95793
9.02323
10.9611
8.07302
7.59889
7.98215
12.246
13.2115
5.86623
9.69311
12.4283
9.87424
8.64434
13.6031
10.9085
7.73726
12.2611
12.4573
11.3983
12.1824
11.469
8.81754
10.0475
11.0059
9.6145
11.8655
9.92501
8.9851
9.42967
9.71271
11.2764
8.68777
8.08866
11.4953
11.135
11.481
12.3486
9.69269
9.57743
10.8216
11.1636
9.07447
8.43306
10.6434
8.86289
9.53501
5.66352
11.1826
10.8025
11.0654
8.55898
9.34556
7.03989
10.5578
7.37003
9.91079
8.94809
12.1974
8.80574
8.33155
11.9268
8.6234
6.53435
6.9553
13.0366
12.909
12.2483
10.367
7.91721
11.4808
10.1211
11.6151
11.9878
11.8683
11.3825
7.7478
9.29269
10.0701
12.725
10.7576
12.6136
10.6606
9.54897
10.521
10.9613
10.0671
11.2209
12.1385
9.22246
13.1065
7.92703
12.9233
12.7946
9.0184
9.26972
7.98489
7.98496
12.4449
10.9196
11.7139
10.8635
9.84563
10.8781
5.09987
10.1619
8.76738
9.72909
8.07573
10.4399
6.35471
12.9301
10.2609
11.3645
6.10321
8.12181
8.6688
11.9909
7.13282
12.2681
5.69888
11.0067
7.12882
7.43473
9.72428
9.34754
5.89626
13.6945
4.94131
12.4929
7.65872
9.73436
10.5551
7.74366
8.37162
8.16843
8.64204
6.94472
10.0311
8.72086
7.73894
10.8958
9.54258
13.1148
9.9696
12.5013
12.1403
12.2449
10.7621
10.2241
7.59936
10.3148
10.5716
11.2414
9.10433
13.7637
10.7942
8.93939
10.3948
8.49874
9.16377
9.47608
8.90824
12.8806
10.668
11.8349
8.95821
13.304
9.17053
6.23884
8.70628
14.2315
4.77909
9.20568
10.0835
11.5052
10.0249
7.65515
7.05078
11.3038
9.3583
10.1049
8.56796
11.4233
9.64885
10.0276
10.5983
12.3904
7.4362
12.3883
10.45
10.9767
8.3368
9.62426
14.9559
8.59884
9.65011
9.08032
10.4285
11.29
8.89308
8.37886
8.59359
8.29512
10.3558
7.04953
6.57474
12.389
13.3791
9.2235
11.7685
10.4731
10.5056
10.3287
12.8776
11.5924
8.26955
8.22253
14.0105
11.1263
10.0206
10.9109
7.81201
10.5804
13.0414
13.9919
11.6548
9.34446
6.26908
13.6399
12.1643
11.5432
9.35993
11.2597
9.30137
9.54205
8.71638
8.24789
8.80383
5.71743
9.61103
5.43023
10.436
6.41087
10.4965
10.7027
11.4108
7.08085
8.40749
11.5196
11.7605
12.8984
10.3319
7.81024
12.2433
10.7413
9.29343
11.2701
9.20174
10.8049
10.9325
11.6162
8.62787
9.81793
11.448
9.04145
10.5742
5.31313
7.11488
9.55243
8.67363
9.76239
12.3236
10.1441
10.7254
11.517
10.5327
9.00785
10.2891
8.55265
13.8862
6.02192
9.48414
8.39499
11.3038
8.2126
9.07396
9.69579
7.81453
6.41556
10.4931
9.4017
11.1955
11.8904
10.8239
8.24605
10.469
6.6484
10.1514
11.5247
10.8242
9.28993
6.93282
11.3037
7.12319
11.6508
9.5581
7.26538
9.92403
10.8351
9.11105
12.9837
8.52279
8.64631
11.3188
9.92364
10.1549
11.5006
11.3904
9.88823
8.79992
11.3911
13.4417
12.3773
10.435
5.66456
8.36285
11.6618
10.2384
9.06041
13.9318
11.624
14.5259
10.1869
7.50051
9.68189
9.51281
9.03475
11.9736
7.19364
10.8546
12.0627
11.3247
10.1245
3.04794
10.67
14.1105
13.3597
10.8367
7.23986
10.9682
7.6523
11.6865
7.6436
4.28832
10.6679
9.59101
10.7448
10.7898
11.6077
10.706
11.8996
9.30411
9.32522
8.90349
10.9102
11.7974
8.11377
12.3852
9.61466
12.3906
10.9316
7.69415
12.8947
12.3836
11.5297
11.3539
9.02506
8.56518
11.332
9.55314
9.92818
11.4083
9.77223
11.6859
9.93215
8.68397
13.1786
8.53027
10.1933
9.98253
7.68786
9.83174
10.2754
10.3921
10.0221
8.78159
12.518
9.18997
8.53763
12.4143
11.6198
5.8996
8.70141
7.07342
9.74206
11.1061
13.6666
11.4875
8.21985
11.0822
10.9427
9.1968
9.17129
7.66059
10.6812
9.59665
9.41008
10.9238
12.0583
10.49
10.8474
10.4085
10.6597
10.6406
9.04081
12.4026
9.96695
9.0429
11.4009
10.7978
13.2239
6.53645
13.7805
10.2697
10.4806
11.6329
8.58356
7.54972
8.75668
10.8311
10.6052
5.78337
10.5632
9.34166
10.5403
5.16564
12.4221
10.8224
5.00658
4.76583
12.5887
11.0315
12.5381
8.35932
10.3345
11.3278
11.9567
7.12754
11.4212
13.0159
11.5159
6.52536
10.4577
8.5133
13.1401
10.1579
8.82902
11.338
6.64541
10.9056
11.8581
11.2529
9.25778
7.22515
8.94801
12.949
10.8591
13.5802
12.4817
10.3055
10.4394
8.86381
11.3374
11.3058
9.92737
7.52088
9.50782
11.6352
7.60746
8.22087
8.49409
8.32732
12.0116
10.2773
12.0956
10.7382
9.27771
11.6008
13.2939
12.1369
9.2816
10.9874
5.79588
8.57678
8.93074
13.7158
8.82651
10.1814
10.6697
7.05233
7.53714
9.74695
11.0334
10.9077
11.6369
8.89613
10.0017
9.1822
12.7295
6.66731
7.52567
9.07688
11.2533
13.1645
10.4678
8.31626
10.4257
8.69836
9.09561
10.9438
11.3525
12.7209
8.33635
11.9031
10.6341
10.4475
9.2893
10.4293
10.9861
9.63484
9.18484
12.9436
11.6879
11.7117
11.0489
10.0218
9.74546
8.10434
11.2481
7.42882
6.0502
9.13228
8.48923
5.57242
10.5353
7.17291
10.1206
11.3693
11.1341
7.36365
8.3728
9.47791
10.608
12.1305
10.1522
5.48201
7.75224
6.25469
12.1819
7.48225
6.7868
7.96573
12.639
7.30501
10.9165
7.48942
9.97378
9.87862
5.12671
9.73351
12.6765
12.2256
11.6667
9.22527
8.74683
11.1902
11.5193
8.415
10.0183
10.0953
8.24981
10.8407
11.7389
11.4372
9.81361
7.25946
9.6425
10.4549
9.21357
9.3011
10.2851
8.77464
11.4953
9.19346
7.43698
11.8306
12.4095
12.2773
6.09501
10.1467
5.11375
11.0539
8.53935
9.79743
9.22456
7.40883
7.76147
10.5747
9.22193
10.048
7.8427
13.0867
9.58282
10.9394
12.2889
10.0526
13.8347
8.80435
11.2329
12.4648
10.5956
7.93769
11.6298
10.3679
7.977
8.14257
11.3919
10.3219
7.33146
9.695
10.4577
10.5578
11.2748
11.8574
11.5746
9.89085
8.53721
11.3891
4.59809
9.49585
6.39506
10.0568
10.9371
7.39456
10.3168
10.5232
11.6318
11.0678
9.64845
9.33155
11.092
11.524
10.0271
12.1466
12.4714
7.26192
6.1795
7.55198
11.7486
11.5364
8.68538
7.38318
8.93965
10.4967
8.92061
12.5236
12.671
4.45305
10.4768
10.621
13.201
10.3513
9.35495
7.57604
6.36872
8.32135
10.4636
8.08671
9.98795
3.96024
8.5251
8.48776
11.1068
10.8117
9.36295
12.9165
5.83541
9.76141
10.1888
9.69181
9.88904
8.86591
7.38028
10.9574
6.85696
10.0255
10.5404
10.2075
10.2697
9.14352
4.63181
12.5537
10.3954
12.175
11.7428
11.3211
10.9689
10.3452
7.34795
12.58
14.5527
10.961
7.97786
11.2835
11.9094
9.92475
9.49021
9.15947
9.12828
11.5293
10.9586
11.491
11.664
10.3345
11.1412
13.8316
9.81465
12.1869
11.3517
10.5478
9.309
8.7521
13.5401
7.69714
8.55608
3.83907
10.1308
9.08243
12.5622
12.2293
12.2725
12.4325
11.1568
9.89745
9.83925
9.61577
11.8627
11.6495
9.80518
9.99933
10.4717
13.3942
9.95277
13.0066
8.16763
9.23222
10.3733
9.28533
8.68325
10.3449
10.6434
11.532
5.37024
9.13559
13.9324
10.908
8.6738
9.76998
10.5306
7.00862
9.61282
12.0625
9.34467
8.27912
12.0758
9.54819
8.8019
9.97958
9.21216
7.39493
9.03951
10.0856
8.81371
12.1875
6.62552
12.238
8.39953
12.5371
9.97907
12.9813
11.874
9.11795
10.4721
11.1759
10.227
9.5883
7.51176
10.8321
12.1952
11.7171
8.37517
7.76127
12.9912
6.85681
9.84055
11.3972
8.04115
6.33616
9.30848
7.43219
8.78059
12.5911
6.92618
11.8905
12.9444
8.85317
12.3395
10.067
12.5048
10.766
9.23967
11.8075
12.9043
10.1165
10.5615
9.09443
11.1808
11.9267
10.9061
8.09685
10.5906
9.83566
13.9282
10.2269
10.8053
8.99231
11.0144
9.86886
9.8781
11.4282
12.4971
13.0758
11.3372
9.87937
11.3895
11.3019
8.96023
11.2258
10.4562
11.5561
11.9115
12.84
11.6098
10.0392
9.47173
11.5501
8.47266
11.5748
10.9012
7.254
10.1364
8.26103
13.0446
9.8479
10.736
9.31851
6.28499
14.3033
9.82014
9.91743
8.87603
9.34478
13.1345
9.48425
9.54514
9.02087
11.8103
8.9006
13.575
6.78073
12.2272
11.1206
11.3352
10.0912
12.5726
13.4306
10.4309
5.93989
7.71537
5.3119
12.4021
9.48205
8.22183
10.8408
10.599
8.38419
9.67339
12.7428
10.3091
10.4495
8.50901
9.47639
8.79558
6.9917
11.2194
9.88568
11.0326
7.13852
7.65021
9.00766
10.1542
13.1323
9.02953
12.8683
7.34599
9.79121
6.17538
9.52612
13.1232
9.5648
10.0436
10.1255
12.8452
9.95272
10.8706
10.1804
9.65331
12.6791
10.5629
10.1965
8.71273
11.1152
9.65677
12.2502
11.7805
13.2419
8.26414
10.0479
13.1068
8.68309
8.27299
5.62912
11.543
10.1728
10.8025
13.0972
11.3394
8.81807
11.538
12.8841
9.22313
9.92106
9.88432
8.09491
11.854
9.09472
7.60247
7.74746
12.2729
7.48531
11.0154
10.3948
11.1787
8
9.68429
11.5389
10.507
7.31313
9.25684
9.0817
10.8768
10.4956
7.5831
9.1883
7.51915
9.09158
9.49574
8.07618
10.6184
10.184
12.6557
9.36245
12.9076
9.47914
10.2477
12.4327
8.43702
8.99709
9.69725
10.1379
12.5762
10.9446
11.901
10.6156
13.8879
11.438
8.70677
11.5966
10.0452
11.2277
12.9462
10.7335
8.32904
9.04164
8.99226
11.9603
10.0326
5.72335
11.3027
7.0259
11.722
10.6882
6.89536
9.88468
7.47994
9.0052
9.97325
8.37359
9.3731
12.3858
6.96777
10.859
9.40343
6.88977
9.63155
12.3261
10.2893
12.127
9.93689
14.1582
12.6629
11.9387
10.4079
7.65597
9.15321
10.7298
9.73172
10.774
11.6715
10.7558
10.2778
8.45687
8.59245
8.61925
8.95441
10.6909
6.37416
10.0418
11.0688
11.2682
11.9663
8.24199
11.7807
10.4155
4.91977
11.951
5.88046
9.74884
10.7022
7.69847
6.69415
10.4217
9.51209
14.6497
8.40826
13.6257
12.6496
8.43574
11.3767
10.8608
10.6077
9.7731
8.76765
10.1848
11.2959
11.5259
7.72148
9.75331
10.7857
6.78868
8.42589
7.45834
12.9665
8.25335
10.9375
9.62303
9.38869
11.4335
7.86097
9.0592
11.2643
8.58582
9.5078
11.4553
11.2724
9.26988
11.0814
7.23576
8.23716
11.7023
7.28223
9.07651
8.46844
11.6089
8.61423
12.0826
10.7965
11.112
11.1767
10.1236
10.3595
8.2191
9.39614
11.5162
8.37876
10.1109
10.4759
8.71075
9.44338
8.28856
7.17294
9.818
9.99644
12.0997
10.7049
12.0187
10.8568
14.359
12.8482
12.8898
7.36784
10.2401
9.93045
9.85806
10.337
11.3415
12.5488
9.03722
11.2474
7.30129
9.90707
11.1973
6.97842
11.4427
10.5361
11.1565
7.33109
12.4033
9.22277
10.5031
5.52828
8.75018
6.0805
10.0046
10.5937
10.3414
7.49816
7.06677
9.06613
8.59809
9.8879
10.6911
10.2137
5.61468
9.34458
11.9846
10.937
9.17429
12.1088
9.7801
10.1759
10.6688
11.4446
3.49034
9.32768
11.9839
11.3952
10.4194
9.78727
10.5184
10.6786
8.63124
11.2888
9.98911
10.9467
8.81497
9.66599
11.3185
9.59783
5.35452
8.80762
9.20905
10.3131
7.30319
9.69938
10.9263
10.5636
6.33165
10.4282
7.08722
8.44689
9.5146
12.6224
8.67127
10.6223
10.0423
11.4829
11.6857
10.075
12.1944
6.85389
11.2771
11.4528
9.11775
11.0182
7.71277
7.6313
8.1102
12.2984
10.6591
10.9447
8.8543
8.07299
10.7705
7.29172
9.91982
10.2333
12.8287
10.4548
12.5552
8.68556
8.2181
7.53975
8.40277
11.9425
9.22336
9.6065
10.1531
11.3323
10.2581
7.98395
5.97765
11.5712
9.96547
11.1142
10.6353
7.70037
12.7325
12.1453
12.5057
7.37501
8.08836
10.8551
9.01308
8.94922
10.1009
8.88894
4.48968
10.7901
10.2191
9.62057
9.86872
9.20134
4.98697
12.084
12.5472
8.77749
9.82786
12.9883
13.1359
6.1504
9.07413
13.5778
9.47885
11.9217
12.1449
8.61392
10.9545
12.5875
8.72142
9.99151
10.6038
9.9467
7.67308
11.0717
8.09715
10.5258
10.0019
12.7518
9.81229
9.11745
7.9629
12.6854
9.83216
11.5583
9.93969
10.6071
8
8.8916
9.72276
7.74634
11.9735
9.92276
6.62171
9.96743
11.3446
7.39874
10.3853
10.749
9.70217
9.53359
9.85506
11.4119
10.4507
12.7939
10.2038
9.2059
12.0732
5.86344
9.49761
8.66841
10.1974
10.3577
10.1991
11.1007
9.37678
10.5694
8.16966
9.63
11.4018
12.381
9.66425
9.25872
10.9721
11.6678
8.58267
8.17989
7.52104
6.82383
11.2636
13.6613
11.9845
8.01441
11.796
6.6068
10.5452
7.79778
10.2666
12.7611
8.50268
10.4785
12.3816
11.0226
10.7356
9.16624
7.47232
10.007
9.61227
13.2964
8.41195
8.47116
8.78695
9.36197
11.7866
6.22522
6.58456
3.96455
11.4368
10.3114
11.4513
11.9833
13.9652
10.0426
6.95887
10.8333
10.8491
7.39333
8.6222
12.6739
11.0504
11.3424
8.59616
10.3706
11.8088
11.4613
11.882
11.6926
5.84737
12.4409
12.4565
13.3072
8.66128
13.4296
8.17566
11.7885
11.6418
11.4318
7.89918
11.2344
12.582
10.8836
8.53166
11.8593
8.87537
12.952
10.038
11.062
13.3614
11.2275
10.4377
10.5837
7.98703
9.85062
11.9047
9.76172
11.2803
12.4078
13.0233
8.82813
11.7563
12.3069
9.88596
7.51255
11.1441
10.295
9.14553
9.81588
11.7382
8.76004
8.08042
8.06649
11.074
10.5496
12.936
12.3168
13.4063
9.84313
6.7534
12.9525
10.5219
9.35377
8.04585
10.6062
10.6678
7.59028
10.757
10.4872
12.8868
9.9721
5.4699
12.5507
7.71572
10.2799
7.80046
11.1964
7.23757
10.5567
8.85019
7.74262
9.09079
11.0203
12.7078
12.4347
12.9571
12.9913
12.7661
10.3994
10.6194
11.5882
8.67312
11.2904
9.80472
7.45192
9.74432
8.9759
9.74272
10.5438
8.19589
10.8589
10.0541
10.5733
9.06808
10.2873
9.12897
5.02939
7.6316
10.5869
11.2606
9.61539
11.3591
8.43259
8.6166
11.5185
10.1192
9.44706
10.1862
9.28991
10.6847
11.6857
11.6472
4.34782
8.53265
2.3601
11.4957
10.1147
9.4096
8.69478
11.0545
6.27267
12.0164
12.667
8.48991
10.4077
10.2081
10.932
9.0959
9.20336
9.56463
10.0798
7.94308
9.8945
10.4259
8.16358
11.0725
10.9814
10.3191
13.0084
10.6229
11.7415
12.7762
9.32003
9.04384
10.0132
12.8873
14.1059
11.6512
8.70045
12.5035
8.10683
11.3389
6.90976
8.27658
12.0813
9.81491
8.15734
10.2314
12.6386
11.2142
11.7376
10.4848
10.4603
10.0534
7.882
9.5755
11.6237
11.4285
7.17072
6.63583
14.8974
10.8309
6.84746
11.5262
9.16569
8.01013
6.73101
13.4981
11.0187
10.5881
8.5879
13.0646
12.5857
9.14401
11.0646
9.30043
13.7163
7.79639
8.57322
11.0901
6.53799
11.6006
6.33152
9.3771
8.27461
11.7346
10.0789
7.13391
11.0523
10.9883
11.7712
11.9125
8.99248
8.57337
9.57721
9.01672
8.73961
12.8663
9.10509
10.0507
12.6734
10.3186
10.439
12.564
10.7634
11.6421
12.1056
10.8027
11.1813
11.6538
12.426
10.1416
9.01633
9.93213
7.63522
11.9106
10.3206
11.0024
11.6288
9.15293
12.6361
7.64246
11.6033
10.5898
11.3573
7.85915
7.53935
7.06392
9.54544
9.26937
10.6947
11.2788
8.55029
8.43544
12.1381
9.68844
8.09557
10.0294
11.6326
10.4385
7.90053
9.86901
10.9094
9.73304
7.53093
10.0178
11.4534
9.33749
11.4411
11.1507
6.21898
13.2494
9.28696
9.60636
9.43247
6.83573
10.3696
7.84924
14.3097
10.0057
12.7913
10.7559
6.51082
6.01156
10.1242
4.35293
12.0713
10.2521
8.96892
7.10838
9.094
11.6355
10.7651
11.2053
10.7602
11.8823
12.3782
8.52717
12.1856
6.06751
8.73004
10.1534
9.65694
11.7348
8.59547
8.10908
14.2596
11.6559
9.98878
8.66018
9.16296
9.64318
10.7838
10.069
13.141
10.447
7.97269
7.86974
11.603
13.6327
7.76402
6.94284
9.31722
10.0973
10.1776
11.3898
11.093
11.4427
5.26992
11.3333
8.97211
11.9765
11.2725
12.171
7.02434
10.3862
13.0558
6.19061
11.0667
8.85422
8.15419
9.04664
9.35803
6.28267
9.29832
10.4879
8.27716
11.9105
9.15774
14.6747
11.3839
12.7606
8.44894
11.8825
12.1722
7.51788
11.9049
7.56622
5.78095
10.4999
11.8916
9.52021
7.85823
6.34338
8.87377
8.06852
8.18724
12.4697
8.40932
7.28482
8.94059
9.12319
5.99353
9.79204
10.1629
10.4797
10.0379
11.6595
11.2348
11.5168
10.0292
7.79002
11.0589
10.7882
9.04975
10.943
8.84948
13.4739
12.3142
9.85648
11.258
11.8447
12.5366
8.41438
8.8279
9.76607
12.9589
11.5762
11.1373
10.0791
11.5429
12.8142
11.0448
12.3133
11.2456
11.1888
12.2428
9.9269
9.79508
11.0291
7.78162
10.7192
10.2318
10.1309
12.5127
12.4095
11.2302
11.1916
11.0548
5.88587
7.53585
11.8058
7.21407
11.3024
14.564
11.3375
10.9159
10.505
10.2327
10.803
10.9527
11.1536
7.67047
8.98389
12.0615
7.88595
11.3216
12.2345
7.94265
8.69598
9.68404
9.61519
13.2185
10.8968
11.4073
6.82663
12.5731
12.0429
10.6443
10.1236
11.0987
13.0977
9.58445
7.59566
8.43768
9.38464
10.9065
9.35626
10.6969
13.7589
11.6399
6.33707
8.80507
11.444
11.5511
8.14058
10.2722
11.7261
6.8448
10.4625
11.811
11.3032
12.6154
8.71279
12.7468
10.2958
9.81517
10.9248
7.59168
8.49243
12.0338
10.7823
11.4831
11.55
8.66536
9.17688
8.88781
12.0034
7.93399
10.7787
9.93804
6.91059
10.3516
9.89625
11.6578
8.23984
12.4152
12.1728
10.6076
9.72369
11.9347
8.99456
8.99867
4.68279
8.9261
11.4472
11.8455
7.35102
8.22489
11.3372
7.46093
9.18989
8.27797
9.51622
9.58314
13.3719
7.38861
12.7036
8.59566
10.0426
12.3941
7.80192
12.0011
10.7766
9.38467
10.2631
11.7327
11.3381
9.25168
8.56817
8.48114
9.75116
12.2267
13.4121
7.76727
13.4064
5.10446
8.0269
13.2348
10.3436
14.6442
10.7756
8.07096
11.437
10.3195
8.94571
12.1432
7.91896
12.2149
10.4062
10.774
10.325
8.53229
8.57846
9.83873
10.4755
9.55167
9.83135
8.77814
12.4745
9.17418
12.6703
10.3163
9.64085
11.2053
10.9296
9.96908
8.45551
10.9123
11.3109
8.42484
8.5291
10.3975
10.5228
10.881
9.68939
9.55439
8.2265
10.4136
10.768
6.90953
9.98969
6.63703
10.1341
10.006
6.9907
11.145
11.2822
8.40942
7.46844
10.9469
10.473
9.89129
10.099
6.34845
10.7045
10.0411
7.16945
12.4913
12.158
5.26391
9.48541
12.4607
12.6498
10.1482
13.7347
10.5555
9.50582
7.15766
9.92176
12.2172
9.00746
11.9678
13.6176
11.1739
9.18863
12.2168
12.3062
11.1036
10.0051
8.13046
8.79832
8.9108
8.27623
9.18912
11.3306
7.69746
8.16053
8.6348
10.2058
12.5386
9.78277
13.7111
12.0909
10.4388
10.1414
10.2488
11.9809
9.05185
10.609
7.38645
9.0578
12.4157
7.94419
10.9597
12.9713
10.5542
10.1039
11.9415
10.0016
11.5638
10.0533
12.3752
7.64469
12.0281
8.3876
13.8894
10.6217
10.1124
8.70769
11.5638
10.3297
12.56
13.1372
10.8495
9.17266
12.1678
11.6675
4.01947
9.71218
9.59705
12.2128
10.2211
9.46147
7.13437
8.56281
12.9218
10.8139
12.0167
10.1546
9.06966
11.7082
10.8378
10.1461
13.1499
10.482
10.8342
13.0316
12.6376
11.6114
11.1909
5.06728
9.83291
9.83194
10.6705
9.14279
9.16902
11.8003
8.22647
9.70034
10.5698
13.7456
9.40204
7.31935
9.06935
6.22393
7.20315
8.9147
9.93112
5.50798
9.74198
9.29061
10.315
7.94017
11.8921
9.99136
11.7904
9.68471
8.05826
12.3724
8.73744
7.85442
5.8986
9.94898
11.5268
12.6075
12.93
13.1148
8.63181
8.77942
10.9655
11.4041
6.02313
10.3429
10.783
8.96853
10.0904
12.4203
9.31572
11.2302
9.92985
10.2587
9.40194
12.5292
8.09522
10.7589
9.01579
11.4921
8.94154
7.62342
9.56629
9.14615
9.68911
13.0779
12.193
11.5526
11.4877
10.5776
10.1756
9.69092
12.7396
11.6672
13.4259
10.7221
7.06595
12.0808
9.20908
5.50546
11.1336
10.9351
9.07756
6.40198
10.6603
9.03174
7.18224
13.8171
9.81288
10.1818
8.52774
8.02444
9.55486
12.9421
8.76841
7.10324
10.1751
10.2102
8.61085
10.7987
13.3431
8.39334
8.41672
9.57432
11.0738
7.8954
11.3304
10.8806
10.0052
7.93938
11.7434
8.34971
8.00658
9.2808
6.50885
8.33932
11.3727
10.2431
10.3574
8.73484
11.7416
12.8511
9.3125
12.0452
10.883
13.0486
5.83258
13.145
7.78605
10.8306
12.9743
8.43945
11.2552
6.18903
9.71528
10.1985
13.6491
6.05221
12.7375
13.0929
10.8565
9.39273
10.817
9.62643
12.9466
9.92722
11.1691
11.053
11.3801
11.7599
10.1976
8.70315
9.58939
9.31497
11.106
13.1905
9.38086
8.2961
9.58788
12.3924
10.8221
10.7749
9.45494
9.69415
10.352
9.65138
7.87022
9.65783
9.5539
9.30225
8.70309
11.6379
11.9226
11.2503
10.7264
9.66779
13.1041
11.8384
13.8636
11.2854
8.93381
11.8995
11.511
8.15445
10.4006
12.873
12.4004
12.8009
9.81595
9.92895
6.70715
11.6583
9.43553
11.9567
11.2853
8.27567
10.1777
12.2113
6.18614
8.2627
10.6821
9.35109
9.78872
9.90729
10.0818
11.6147
10.7086
11.4301
9.35649
10.728
9.53552
8.53292
10.416
10.0255
8.69487
10.5085
7.56156
9.09656
8.00043
9.14569
13.3186
9.10295
9.94461
11.8247
9.67785
11.9242
6.81236
11.3421
11.8272
10.9408
12.0045
11.4585
9.60246
10.6638
11.7452
9.12535
9.2682
10.0091
10.1793
10.9498
9.04732
11.7236
8.3448
8.04103
7.33646
7.44749
11.963
12.4648
11.648
4.50806
9.53032
11.1748
10.2662
9.29021
10.5655
11.9427
11.5092
11.7444
7.70282
11.454
12.77
11.5232
9.65421
9.4739
12.2857
12.2742
11.5111
11.2979
10.8911
9.34725
14.2523
8.27833
11.0641
6.73989
9.41392
8.07891
11.1541
11.0799
12.191
10.615
12.9601
10.9035
6.38407
4.72532
11.4477
11.7995
12.0245
9.82693
8.10186
9.92263
11.3064
13.8973
12.8731
12.426
6.87903
7.48351
12.8026
12.6698
6.32644
10.0414
12.7396
10.1998
9.75464
9.44714
10.3154
10.4603
12.1403
9.10244
13.0592
10.1514
11.7114
10.4165
10.1042
9.81157
8.10672
8.7968
12.0715
11.4136
7.3411
14.6861
12.4971
13.6624
11.213
9.63297
12.1102
7.55684
12.8688
9.6872
10.5872
8.25316
10.052
11.0868
9.76724
13.9307
8.53877
10.0664
10.4367
9.93312
8.75667
9.26979
9.91944
11.0242
12.0503
8.80066
13.1107
12.1856
13.0966
6.70808
8.97147
10.1313
7.37401
9.4086
8.26285
9.3726
10.322
7.89753
8.95456
9.06184
7.96121
10.2221
11.0767
10.7661
9.2968
9.26187
8.04583
7.50746
7.73376
9.28075
8.58187
11.4358
9.79409
9.82838
11.1572
10.3799
9.10271
11.986
9.57424
9.44734
11.8146
7.77302
9.26857
9.75588
11.2177
11.6964
9.42087
6.34843
10.4748
10.8107
11.9054
8.28056
10.5702
12.4202
10.948
8.81235
10.4038
8.6269
7.10091
7.14684
9.17008
10.6202
10.3281
8.58891
10.1408
13.406
10.6775
11.7426
8.72536
10.0194
6.64522
9.23551
10.7251
4.97395
8.14597
10.7274
11.8668
10.1532
10.7399
8.99229
9.63156
11.2998
8.80142
11.4899
8.83601
8.28344
10.361
10.4965
10.6252
7.4473
9.62217
10.1826
6.53885
10.1696
11.7291
5.05933
12.9728
7.99005
11.6881
6.06436
7.67538
10.9376
9.41118
10.3068
7.8301
11.8162
11.5981
9.60772
8.37164
7.82272
12.453
11.8984
6.32494
7.47497
11.4175
10.2269
11.1496
10.5972
13.5685
10.3632
12.1315
10.4084
7.73353
8.99199
12.0699
11.5821
11.705
10.7856
9.43788
9.69362
10.5375
10.4369
11.7564
9.82396
6.63909
11.0239
11.895
9.31281
12.9336
7.78925
11.7987
8.85738
10.9586
9.12781
11.2233
9.87335
13.1691
8.53198
8.17538
10.7648
11.1922
10.7523
9.52521
10.3388
10.6783
9.29642
9.72376
8.85255
7.59348
7.75204
7.9446
10.198
7.63201
8.52833
6.29914
11.8695
7.37791
9.92061
11.3105
8.18266
8.97146
9.24364
11.9701
9.9566
7.70848
10.2803
9.046
10.7683
10.2168
13.0804
10.2377
10.52
8.51547
11.3845
11.0379
11.5362
9.56743
10.0388
11.4267
9.27192
10.1095
10.076
7.15802
6.10236
8.67864
10.1335
8.25062
11.0425
10.6231
9.18929
12.6485
11.2966
10.0467
9.77486
9.91741
10.8029
10.9766
11.6362
11.945
9.58833
9.02837
12.8405
9.02305
12.5869
10.4781
6.87538
9.58824
12.1683
10.571
13.3353
10.616
10.0228
11.7089
10.4721
12.1897
11.7989
10.5829
13.2565
11.1476
10.2094
12.3794
8.49227
12.2581
9.39448
10.7846
10.2132
12.6106
6.50477
6.38524
11.3859
8.31172
9.86622
12.1172
9.55959
7.29676
12.7741
12.5982
12.0402
9.22724
11.8955
10.8566
9.31889
11.6625
10.2833
10.0437
10.9874
12.4259
10.922
12.1043
11.6986
12.4074
9.85016
13.4276
9.62799
7.12227
11.9747
7.16164
9.02157
9.14272
12.4698
13.6193
7.80631
13.1986
7.34437
8.31855
5.88755
9.6902
11.6091
10.2817
9.51136
9.28055
9.59686
10.9199
8.02127
10.8645
10.3546
7.33025
9.4399
11.5098
8.51583
9.90461
12.2117
14.0325
10.3781
7.13442
8.7972
11.5529
8.2297
11.5845
9.83279
9.44882
6.84814
9.12006
10.6466
9.79999
6.49912
9.67351
10.5443
10.1372
11.4174
9.04238
7.97149
9.88813
11.8021
9.79026
12.3083
7.20812
10.1192
10.5946
14.5468
7.69497
5.62901
13.7381
11.2969
7.01468
10.9542
10.5345
9.76007
5.49458
9.09796
10.3033
9.30841
11.5074
8.63481
10.1001
9.23253
7.7809
12.709
7.8026
10.1123
10.9829
11.6376
9.05371
7.054
9.7166
9.35624
9.41493
10.5031
8.74203
12.1882
8.71753
12.4078
13.4597
12.5208
8.68236
9.91074
10.1927
10.8895
9.69723
11.453
8.93392
11.2735
9.44907
10.9065
10.3319
9.54018
9.46902
9.5311
6.34196
7.07054
9.68376
11.7424
7.79715
12.3191
6.91207
14.4666
6.84172
13.433
9.52615
9.32065
11.8375
9.72124
9.22173
11.1171
8.88169
9.48407
7.93829
7.68231
8.31554
11.8254
10.6651
9.87559
11.2658
9.10601
7.1744
13.4646
7.36426
10.1581
8.25987
8.03282
10.2347
10.8455
9.60038
9.33323
8.80123
12.4261
11.5033
8.26571
9.84897
9.98743
10.658
9.47686
12.1467
11.3824
8.70763
9.14551
10.7029
11.6826
9.05464
9.57193
5.71834
12.082
9.44246
11.1417
10.8566
7.63658
8.17382
8.81738
12.2983
10.0692
11.1816
11.3036
9.4181
10.7393
12.3262
9.45926
10.0164
7.39526
10.554
9.22318
9.94267
8.49906
9.79512
13.0377
10.1115
7.53125
12.0477
6.42568
9.25996
12.8944
9.42132
9.66095
10.5495
10.1877
10.2655
10.1112
11.2434
10.5246
11.56
12.683
10.8086
9.881
9.70413
10.4392
10.5571
9.53679
9.56232
7.58142
5.82818
8.80427
10.1351
13.184
10.8864
9.33296
10.6266
8.61941
12.2842
8.50316
9.79242
10.4136
9.58174
8.95898
11.9323
14.0091
9.56874
8.91226
6.83242
10.6505
12.7804
8.6729
10.899
11.5697
11.2117
10.9001
11.4322
12.2861
11.111
9.22199
9.07891
11.799
10.2809
8.72121
11.195
10.9065
11.1823
8.76967
10.2233
10.6265
9.33482
10.3401
8.56833
10.1797
9.53415
9.17468
11.4413
11.0525
10.2268
13.189
13.1211
9.66506
11.9424
6.98553
10.3429
11.94
10.7523
7.94005
9.54758
4.89639
10.5468
8.6944
6.49301
11.0562
11.4703
10.4114
9.83559
8.74687
9.33019
7.13862
9.09282
11.8031
10.2698
9.42034
10.5891
11.534
10.7771
10.2262
8.86986
11.5396
7.38433
6.2417
8.91742
9.87398
9.27001
9.04432
5.40518
10.0824
12.9098
9.43365
8.69615
8.13815
11.135
5.50338
10.5757
11.4991
10.6563
9.65438
8.93036
10.4925
11.9725
10.9127
10.2514
5.61932
12.3095
3.31657
9.70674
12.1328
11.7166
5.31783
8.93145
12.6724
12.4107
12.6746
10.8745
11.0427
13.979
10.4055
9.65757
8.87892
8.68517
11.7411
11.0945
9.83175
11.6614
12.6453
6.4399
11.9397
10.78
13.0009
9.09571
12.663
12.5447
11.1952
12.2034
7.347
10.1892
11.2577
9.01904
7.80223
10.1029
6.26839
11.1228
11.4374
9.01794
9.67107
9.34443
6.18631
9.32892
11.3205
12.5231
10.8711
9.97995
11.8355
10.0619
12.6222
10.2625
9.01148
10.49
10.7361
13.1568
11.7991
9.16864
10.3832
9.9316
11.0912
11.1508
9.66153
11.1746
10.3408
12.8229
11.8564
7.71567
11.3852
10.7003
11.3743
10.6348
11.1528
10.0541
8.71803
11.5272
11.1986
9.00187
8.93553
11.4875
10.5404
6.70551
11.1941
9.4793
9.42379
11.1405
9.15311
9.63441
12.3111
6.2032
12.2639
7.97434
14.1732
8.38961
12.1014
9.18101
9.35601
9.39598
9.21044
8.92327
9.34267
10.1514
12.2277
8.21389
13.7196
7.67602
2.36561
8.3504
11.6745
9.66059
12.0078
6.8547
6.8456
12.1074
9.97493
7.11959
11.0667
6.64785
7.15252
7.90942
11.1654
8.21635
9.39347
14.4199
9.16882
6.54144
8.74983
10.8465
10.8825
9.2337
12.4004
10.9962
6.18604
10.6642
8.31031
8.17501
7.49491
8.1462
9.59815
9.6575
10.8008
11.509
8.24563
11.9574
11.2102
11.0436
12.9262
9.90914
9.17718
11.4505
8.79165
9.62894
12.644
9.20423
8.8435
12.6588
7.96225
11.342
9.56877
11.063
10.8827
11.0407
7.77198
11.5062
6.93647
13.6998
11.8803
11.2248
9.56374
11.1328
10.1843
10.0649
10.5177
5.8418
10.2184
10.1911
11.2793
10.6317
10.0607
7.26564
12.0883
10.6335
9.79894
5.942
8.87873
12.5191
11.0227
11.8048
10.1632
7.09782
10.5084
9.64645
8.52803
8.86748
9.93989
11.5392
9.83661
9.56289
12.9206
9.54376
12.8391
11.4875
8.57991
8.86136
12.143
12.5322
11.6422
11.6048
10.9834
11.6406
7.35103
10.4905
10.8362
10.7418
8.88635
7.76035
8.97212
6.65316
12.1147
10.0286
8.7736
6.32504
11.9953
10.0843
9.78285
10.9825
7.39275
9.30789
11.047
8.76553
5.8134
10.1531
10.6319
9.08806
11.2505
12.0129
9.31228
8.14444
10.8081
11.428
10.4318
9.18767
10.9999
9.77214
10.7783
10.8958
11.4127
11.7806
9.30808
8.97788
10.8564
13.0331
8.75687
8.94916
7.49753
10.9228
10.0669
10.1325
5.62617
8.65281
11.3495
11.6578
6.77216
9.75901
8.92624
7.12354
12.0411
10.0173
10.9359
11.3352
9.77829
8.30618
9.80369
11.3005
3.83795
7.76619
8.48361
11.4716
11.634
9.62315
13.3074
11.7019
11.5856
8.59844
9.99551
13.1521
12.0664
9.80555
11.209
10.6486
11.5217
11.419
11.7394
10.7526
11.6527
9.6615
11.2191
10.3834
11.1551
12.1335
8.94699
7.53807
11.8461
9.41401
8.27764
10.4977
10.9391
8.30495
10.274
9.56555
9.87182
11.1374
10.9609
11.4507
11.71
11.586
9.04478
9.13615
10.5599
8.00741
11.7163
11.6231
5.54894
9.24819
7.61029
12.434
6.50756
9.62828
11.9398
8.92872
10.905
9.02745
11.7461
7.85578
10.4761
11.4064
8.90504
10.5102
11.0126
8.15028
11.3754
9.65629
8.51413
10.7628
11.592
7.60137
12.6726
12.4811
10.1873
7.64777
12.6241
10.5638
9.73355
10.1646
13.0057
11.4481
10.9535
8.42633
10.9279
10.3379
12.4331
11.2468
11.5179
11.1155
9.9938
10.641
10.5595
13.952
11.5798
10.4496
9.36183
8.01798
11.0905
4.38781
9.43363
6.37728
10.9253
6.71966
8.71817
10.1789
10.5814
11.0106
7.8571
12.2341
11.0444
7.44958
7.5029
12.2954
9.04163
11.5666
12.7431
7.11159
8.96924
10.727
10.021
10.1247
13.1494
9.92849
11.1806
10.3809
10.5442
9.02948
13.0903
11.0788
6.934
7.68866
10.574
8.92385
11.6191
9.84162
10.8026
8.78536
12.0156
9.74888
11.8299
7.90026
7.04872
11.1216
10.8537
7.26337
10.9918
11.3173
12.2009
9.74229
13.1121
8.61575
13.07
10.5164
10.8052
10.2972
12.2139
10.6987
10.1879
8.35304
12.7123
10.5186
11.707
9.25501
12.0527
13.4417
8.43346
9.97561
9.42228
8.1508
14.4767
10.6138
12.0764
13.4868
3.53672
9.33852
9.93246
12.591
10.7305
8.86567
10.5689
9.98589
12.1157
8.88681
9.76374
9.72355
13.9529
10.9535
9.11815
13.4053
7.33991
7.60124
11.274
8.9828
10.7543
10.0785
11.2774
13.2061
9.31918
11.2523
10.5309
8.83366
8.70642
13.0218
11.7403
7.02713
9.33914
12.3124
9.59182
10.4825
8.63123
11.559
12.5743
10.0058
9.19258
11.9172
10.6398
9.08832
13.3287
10.6674
10.7331
6.50255
13.796
10.2526
11.0773
10.6929
9.40213
12.5371
11.502
7.96163
10.9462
13.331
10.1808
7.45857
9.51115
9.22378
9.78341
9.67089
11.1916
8.02333
12.8133
11.1509
11.3568
9.87145
10.516
8.31971
5.35982
10.8588
11.1518
9.10962
10.2918
10.9294
8.06827
12.8132
9.86367
10.4992
13.0205
12.0632
10.5317
11.2152
11.4026
11.4564
8.00473
9.96705
9.48313
10.6907
14.375
13.4511
12.5247
2.32207
11.0721
8.21787
11.5467
11.1648
11.2054
11.2671
8.40919
9.43865
13.7714
12.6942
8.99304
8.01302
10.2689
14.0336
10.8781
9.17368
9.22666
10.9412
6.63425
8.83734
9.84215
9.94562
6.87424
9.04392
11.9251
9.34122
10.4799
4.67983
9.99545
14.2689
9.16955
7.48714
9.17421
8.99261
11.665
7.97489
10.006
10.9336
10.707
10.1264
9.5746
7.73677
12.4697
10.5431
11.0936
8.06517
10.2091
6.75299
11.0819
10.4001
7.76067
10.8717
10.6217
9.06341
11.8178
9.93562
11.0058
8.54307
8.55698
14.5502
8.55517
10.7224
8.11628
10.6356
11.2518
11.6976
8.54304
11.8015
8.83691
9.34915
9.00019
10.2323
10.6239
9.53392
8.68942
11.2341
10.8576
10.0179
9.3788
8.35015
10.7198
9.2469
10.1008
10.0068
7.00413
9.36495
10.7037
7.67784
10.8475
12.4849
13.2129
8.0813
5.14654
7.93226
11.1171
11.0374
9.64919
10.5277
10.1021
8.70915
8.31094
10.3034
10.2305
7.39917
10.9662
12.4547
10.4796
12.0447
8.40184
11.3146
10.2635
9.27237
9.68833
9.42037
8.70076
8.72414
10.7985
8.53136
10.7138
13.1634
10.9876
10.3218
12.9257
11.9397
12.7529
7.4236
9.12467
12.5777
10.8364
9.30458
10.4578
10.0209
8.26272
6.14568
9.08733
10.3192
8.43389
8.19919
11.2349
10.284
11.0542
7.66479
9.54483
7.94626
11.1104
9.89054
8.44761
11.5539
12.4069
8.27681
10.1489
10.6428
8.52974
8.4612
9.67496
12.8662
14.0551
9.38505
13.5486
10.3834
11.5017
6.84272
13.33
7.81455
7.74263
13.0023
9.9486
13.8968
9.6722
9.91124
9.5796
8.51718
11.585
7.76865
6.97636
10.5103
13.0944
9.03571
12.0717
8.76126
12.0669
8.83282
4.73777
11.9763
13.2382
9.94919
10.4891
11.5327
12.105
9.85641
8.92627
10.1021
11.0121
10.6482
13.6185
7.15031
9.36525
8.35243
11.7452
12.3019
10.0788
13.7541
9.87658
9.41545
12.0523
6.72479
9.71992
9.56923
6.75304
9.40628
10.1285
9.05345
7.73483
9.43189
10.6011
10.3516
8.8116
8.89672
9.38919
9.62458
8.30623
10.9317
9.8591
9.47706
13.616
10.6124
7.16229
10.617
9.19436
6.541
8.20164
8.82373
11.6453
10.2705
8.08058
11.2574
9.62834
11.3764
10.2928
11.4937
10.9422
9.29842
9.14497
10.5097
7.80799
9.94197
8.45479
3.54368
6.96591
10.4286
11.1667
9.68797
12.2625
7.56476
8.33147
11.6944
10.6269
12.1907
10.6595
11.3291
8.84026
12.6035
6.33877
9.75851
9.3264
10.5254
11.3016
10.3208
10.5726
7.98619
7.82519
8.91229
13.7847
9.69691
10.1344
11.68
9.81167
10.2236
10.4496
10.3452
10.6496
12.688
8.62797
9.46581
7.03261
11.537
10.1128
12.1717
10.1664
11.1329
9.80752
9.20862
10.8136
10.916
9.19376
11.5952
8.09362
10.5892
9.61735
10.6341
9.45159
10.5548
4.21083
4.14939
10.1133
3.73341
11.5975
12.0834
10.9191
10.7263
12.7299
8.80532
7.36827
10.7652
5.52929
8.75633
9.8235
8.73605
10.2738
9.84214
8.61134
7.45105
9.65789
9.20568
8.18189
10.2551
8.81564
9.41705
9.09162
7.43745
7.89674
13.5197
9.25586
8.60548
10.4275
10.041
8.58398
12.6529
10.6029
8.51588
11.0448
10.4436
9.5561
12.9869
8.49748
10.4582
10.1187
10.8526
10.6036
8.28877
10.2404
6.57926
9.61834
11.3188
8.15217
9.5674
9.96925
11.3713
10.3541
9.86828
10.3938
11.2695
11.4818
9.00646
8.18049
9.49948
9.97643
7.89162
9.8732
10.0857
11.0792
11.6503
11.5302
10.407
10.9028
10.531
5.17184
10.1121
10.4607
9.16654
10.0488
9.19513
9.44695
11.5242
11.1838
5.96399
11.2435
8.85955
8.23388
8.25624
11.8552
7.33359
10.7196
9.16446
9.3054
6.12236
12.4249
9.26915
9.85116
11.3038
5.05979
5.03276
10.7607
8.01277
10.3903
12.0292
8.20494
10.7668
10.2522
9.32578
12.8504
13.2223
9.5627
8.61128
7.83425
9.28438
8.11552
8.61233
13.9574
10.2331
10.1179
8.66387
9.13773
10.5628
11.3474
5.86916
5.54455
11.0698
10.1557
11.539
11.9444
11.7042
10.4687
10.2354
5.90109
9.80508
12.4921
10.4954
11.4903
9.9793
9.6016
10.4362
6.38909
9.9519
13.0719
10.5392
8.98768
11.0988
6.68472
11.2044
6.0632
10.5517
8.92175
11.1225
10.1748
8.03731
9.1308
8.60585
10.2125
11.6621
10.9947
7.62164
8.83118
11.9829
9.90742
8.54365
9.75549
10.6702
8.89973
10.3405
8.98306
9.25595
8.2001
9.66631
10.1794
11.3027
10.3529
10.5772
12.4431
10.2491
9.43123
8.48124
7.32665
9.99677
9.30272
11.1523
10.0336
11.2563
12.0212
11.0752
10.4905
9.09756
11.1582
