1.84624
2.04024
1.73131
1.87705
1.3002
1.17991
1.84076
2.13929
1.37027
1.64111
2.50707
2.11018
2.17917
1.99986
1.77462
2.10364
2.20787
1.69508
1.43401
1.43366
2.46663
2.55542
2.1045
1.93741
2.23496
2.52345
1.65832
2.0392
2.20013
1.79562
2.31404
1.74776
2.01683
2.00933
2.25476
1.93589
2.20823
2.19237
2.46905
1.99122
2.07925
2.30781
2.07961
2.00399
1.66849
2.36664
1.95602
1.88835
2.24043
1.90099
1.84242
1.3874
2.43106
1.93753
1.99477
2.36256
1.51717
2.23177
2.55508
2.35394
2.2589
1.84707
2.61119
1.20529
2.45776
2.63453
2.28974
2.24726
2.27655
2.08732
2.07848
2.12113
2.54733
1.94538
2.46856
1.99127
1.70787
2.24485
2.22457
1.68046
2.06374
2.28889
2.09314
1.942
1.96125
2.20545
1.75667
1.69042
1.40452
2.23608
2.50631
2.37323
1.95518
2.25881
2.11052
2.4423
1.70908
2.43432
2.18226
1.9599
2.32708
1.00725
2.10054
2.2264
2.57614
2.02408
1.67403
2.20246
1.60722
1.68997
2.35293
1.95198
1.75896
2.54662
2.33136
2.13205
2.38524
2.43467
1.53422
2.18463
2.07873
1.20249
2.14869
1.62537
2.0934
1.26771
2.35497
1.9115
1.68355
2.33318
2.36483
2.65314
2.14524
1.85307
1.96407
2.47927
2.18042
2.10249
2.41427
2.52176
1.48662
2.43583
2.20919
2.14849
1.77942
1.8153
2.1311
2.17194
2.097
1.94962
2.21405
2.10609
2.25475
2.30994
2.21454
2.19504
2.27554
2.3284
1.75491
1.18153
1.97893
2.00246
1.1533
1.98294
2.01018
2.25849
1.31332
2.36557
1.43614
2.02015
2.47257
1.13158
1.77698
2.21683
0.221443
1.42961
2.44368
2.11407
1.63
1.81831
1.84491
1.9767
1.93897
2.16962
2.28682
2.11795
2.08143
2.61983
1.85513
1.78113
2.25263
1.58937
2.49515
0.955828
2.42774
2.34032
2.31343
2.19385
2.19734
2.531
2.21972
2.44319
2.28502
2.20405
1.66614
2.15906
1.68501
1.83288
1.45426
1.99744
1.97279
2.05768
2.05763
2.12838
1.73136
1.11423
2.21921
2.11241
2.18125
2.36189
1.77713
2.11407
2.36602
0.873693
2.05419
2.34613
2.10681
2.01184
1.33707
2.36934
2.057
2.29214
2.08545
2.05182
2.3368
2.14268
1.91461
1.34789
2.1757
2.04348
1.89684
2.39269
1.7104
1.52948
2.11657
2.12454
2.38308
2.07275
1.95324
1.78072
1.60669
2.00222
1.84461
1.61721
2.19686
1.6303
1.66674
1.77244
2.00314
2.31808
2.42984
1.83041
2.31772
1.86607
2.4002
1.67636
2.27986
2.27533
1.36906
1.99972
1.90522
1.96855
2.30811
2.32671
1.91993
2.29029
2.33211
1.72308
2.46819
2.56159
1.35127
1.915
1.93132
2.12923
1.85686
1.80665
2.46667
2.15497
2.01008
2.22006
2.10142
1.967
2.29373
1.54048
2.01721
2.1602
2.16907
2.08143
1.60993
2.08503
1.79432
2.13166
2.47853
2.55389
2.21559
2.07581
2.23994
2.20138
1.64998
2.06528
1.61504
1.76052
2.4244
2.04869
1.61401
2.00542
2.11086
2.24111
2.01666
0.98616
2.07492
2.01848
2.38231
1.59997
1.96316
2.43235
2.39868
2.30572
1.57293
1.52198
2.60837
1.92385
1.95394
1.54828
1.59624
2.20278
1.77329
2.12061
1.92511
2.48552
2.21938
2.18023
2.53126
2.15595
2.47616
2.27901
2.43588
2.58675
2.12925
2.26621
1.92293
1.93286
1.59907
2.33325
1.62779
2.40196
2.21518
1.95019
2.78702
2.18355
2.09017
1.82112
1.62798
1.90685
2.02295
1.72783
2.01486
2.23847
2.07653
1.97587
2.43469
1.64974
1.99767
1.85949
2.0909
2.15158
2.01082
1.96423
1.75807
2.39276
1.75816
2.01333
2.32454
1.95527
2.56983
2.25926
2.01077
1.98692
2.53353
1.83996
2.29679
2.37756
2.33339
2.19627
1.73904
2.02664
2.49657
1.88319
1.80528
1.91897
2.13956
1.92774
2.38804
1.80948
2.23234
0.610899
2.16015
1.80037
1.37211
1.7579
2.38813
1.90976
1.17195
1.68925
2.47696
2.16663
2.33362
1.99072
2.17796
2.08129
2.38296
1.89983
2.19228
2.11402
1.17425
1.85859
2.21624
1.98061
2.58476
2.51591
2.47423
1.56781
1.74297
2.14842
1.97118
2.26267
1.98106
1.6448
1.54585
1.99005
0.885223
2.33434
1.6824
2.06176
1.6277
2.12061
2.21114
1.89068
2.22445
2.43619
1.09169
1.85918
1.77842
2.1042
1.64885
2.0021
2.07576
1.93277
2.37129
2.37349
2.00909
2.22649
0.682109
1.24008
2.34958
1.44193
2.29768
2.14597
2.11869
2.04924
1.94035
1.80157
2.2992
2.28161
1.78941
2.24545
1.82858
1.58401
1.60458
2.53622
1.68353
2.59899
1.68962
1.63908
1.91037
1.86217
1.7764
1.94166
2.23662
2.03005
2.15252
2.53604
2.20664
1.72353
2.23439
1.67971
1.14557
2.07829
2.1495
1.71893
1.60893
2.11512
1.56048
2.1767
2.13471
1.92026
2.01074
1.99954
1.37956
2.20184
2.45234
1.82754
2.40797
2.3915
2.18216
1.74252
1.7809
2.11579
1.78868
2.15244
1.74563
1.83735
2.34369
2.22321
2.22265
2.46535
1.1313
1.98805
2.18804
2.38838
1.90806
2.26999
2.21342
1.88435
1.07397
1.41363
1.84173
1.91877
2.12179
2.32267
2.1922
2.36205
1.72432
2.03539
1.25628
1.76613
2.26411
2.29174
2.53366
1.8924
2.13511
2.12716
2.30894
2.17992
2.33477
2.20805
1.68798
1.72322
1.88209
1.72346
2.0198
1.93352
2.17433
2.33546
2.2328
2.46477
2.01049
2.0151
2.50679
1.33266
2.12138
1.75985
2.08432
2.06673
2.33458
1.95108
2.48856
2.2437
1.82682
1.57472
2.30961
2.3651
2.44669
2.16516
2.16713
1.80027
1.99566
2.3112
2.4833
2.08953
2.34415
2.43344
2.31517
2.14724
2.24434
2.34491
2.41199
1.45054
2.41377
0.938315
2.64694
2.09489
1.49557
2.39636
2.13494
2.52982
2.17261
2.45128
2.12741
2.18785
2.0202
2.20196
1.82835
1.77256
2.23252
2.09552
1.95308
1.19536
1.53921
2.35686
1.67802
2.42469
2.44854
2.00886
2.04292
2.25353
1.80477
2.17855
2.20616
1.90323
1.64738
2.11567
1.79298
2.21069
2.28277
1.72073
2.53174
1.80364
1.3463
2.25015
1.69813
1.47383
2.47505
1.9096
1.38982
2.37444
2.41365
2.05731
1.54558
1.52045
2.33143
2.09561
2.38609
1.79948
2.59064
1.37847
2.43981
2.42594
1.20013
1.73764
2.10411
2.1774
2.10115
1.95441
1.9351
2.24294
0.354514
2.48787
1.74009
2.26573
2.38198
1.43179
1.86944
2.04881
1.21455
1.72705
1.52464
1.53053
2.79994
1.64476
1.806
0.878812
2.00491
1.30932
2.40401
2.26883
2.3095
1.91622
2.0505
2.34032
2.11492
2.0619
1.96581
2.59046
2.57789
2.30724
1.68691
1.91377
2.13619
1.82709
2.27127
2.07655
1.933
2.56108
2.28063
2.16752
2.32924
1.93072
1.34846
2.32706
2.42203
1.73294
2.10473
1.31074
2.01203
1.64611
1.9979
2.32196
2.14806
2.10993
2.21801
2.4896
1.43388
2.12943
2.18337
1.89531
1.29503
1.03174
2.34847
1.85576
1.07926
2.02627
2.04463
1.8617
1.20411
2.12535
1.81169
2.30364
2.33169
1.84928
1.49906
1.52241
2.21723
2.25056
2.11663
1.76732
1.99389
2.37063
2.1626
2.02954
2.08538
1.5419
2.10032
1.63422
2.369
2.07003
1.69664
2.09073
2.18935
1.80078
2.60642
1.88914
1.15885
2.64269
1.68089
1.69268
1.96671
2.43282
1.91657
2.34547
1.75566
2.1678
2.06102
2.3024
2.22508
2.15197
2.43609
0.452973
1.62707
2.01234
2.24281
1.35245
2.10535
2.25745
2.16321
2.01124
1.67064
1.8332
1.88956
2.27675
1.99669
0.795903
1.9751
1.81721
2.38548
1.95674
1.98058
1.74168
1.8494
1.47583
1.93183
2.37653
2.02935
2.39917
2.23513
0.848573
1.94235
2.10981
2.53186
2.3045
2.03186
2.39174
1.17641
2.5584
2.44717
2.0387
1.90481
1.68663
2.45169
2.12392
2.48732
2.26215
1.44152
1.88336
2.04186
2.0865
2.0831
1.40116
2.34606
-0.113664
1.00022
1.43576
1.87238
2.43375
2.02484
2.34441
2.33319
1.93836
2.32696
2.19367
2.46303
1.83347
2.12429
2.25504
2.71453
2.36279
1.97895
2.34895
1.98824
1.89358
2.44798
1.95532
1.61673
2.13269
2.33311
2.13001
1.66187
2.17334
2.29108
1.6388
1.93302
2.38119
0.963089
2.09409
1.8243
1.79341
2.38784
2.16611
2.25503
1.56792
2.30985
2.11587
2.36303
2.3674
1.88811
1.70051
2.35902
1.35079
2.41764
1.01093
1.32206
1.60895
2.65153
2.30326
2.4957
1.23851
2.66825
2.5117
2.52777
2.14674
1.94577
2.19026
2.1454
2.11347
2.11293
2.26435
1.67547
2.04239
1.96826
2.25469
2.09697
1.96329
1.90007
1.71481
2.20228
2.11562
1.4885
1.8238
2.36343
1.78034
2.26222
1.87978
2.5369
2.45062
2.09752
2.47471
1.93317
2.01
1.94753
1.98383
0.974473
2.4814
2.27255
1.61564
2.30967
2.15757
1.95334
2.30747
2.35711
2.11714
1.66793
1.94199
1.97283
1.85216
2.1743
2.02525
1.8473
1.66027
2.22962
1.96644
1.9217
1.6915
1.70677
1.45379
1.59213
1.93
1.68846
2.07584
2.36969
1.80127
1.70514
2.10199
2.33089
1.66221
2.00083
2.16019
1.84772
2.1471
2.35593
2.02565
2.11496
1.89176
2.22393
2.24046
2.13657
2.15625
1.72026
1.3935
1.82523
1.69016
2.00503
2.32301
2.3054
2.13818
2.5465
1.92983
2.3605
1.86104
2.40635
1.95159
2.43277
2.18739
2.29528
1.89808
1.86848
2.4724
2.07989
1.8326
1.62201
2.00704
2.10037
2.24281
2.3062
2.38249
1.91296
2.31187
1.75738
2.01972
2.55876
2.2426
2.17191
2.41879
2.21796
2.31348
1.86103
1.90467
2.36698
1.84253
1.59724
1.68735
2.35483
2.27348
2.33414
1.63481
2.30584
2.30603
2.37194
2.31229
1.1285
1.69094
2.32584
1.8399
1.84867
2.26685
1.59764
1.94853
2.16748
2.38723
2.31166
2.08361
1.32651
1.99639
2.54792
1.61598
2.39835
1.73291
1.99121
1.57836
1.84563
2.30702
2.0734
2.42818
2.65673
2.55319
1.83527
2.12749
2.56638
1.00246
1.50784
1.81066
2.31771
1.95804
1.87318
2.1948
1.55119
2.63427
1.65064
1.83894
1.86227
1.64874
1.75164
2.07503
1.45142
1.87196
1.38095
2.11401
1.37351
2.13034
1.715
1.40515
1.70593
2.18066
1.73102
1.57745
1.77922
2.03994
1.46445
2.29018
1.81685
2.02446
1.72953
2.03671
2.25969
2.58668
1.78927
1.62182
1.55505
2.54397
2.16612
2.55295
2.08766
2.23305
1.59085
2.22167
1.81408
2.51918
2.18322
1.77977
2.19014
1.97001
2.35994
1.16398
2.33071
1.82831
2.19622
2.33698
2.3101
1.86099
2.0148
2.04993
1.3924
1.6898
2.48647
1.53342
2.44825
1.4597
1.98057
2.29409
1.08885
2.00055
1.73062
2.22932
2.13116
2.54367
2.451
2.5283
2.05874
0.993099
2.33042
2.19902
2.20552
2.04724
1.27733
1.51035
0.604652
1.58595
2.12385
2.1463
1.86035
2.46584
1.67698
2.01078
2.34868
2.10409
2.23684
2.05542
2.40506
1.45143
2.14301
1.86428
2.27911
1.40269
2.00089
2.02444
2.01201
1.89483
1.68553
2.60376
2.35944
2.07614
1.6545
2.41598
1.58051
0.0493225
1.88678
2.25157
2.38458
2.17692
2.12326
2.23881
2.15898
1.95864
2.02978
1.88135
2.47888
2.26162
2.26727
2.35658
0.116352
2.54049
2.10116
1.76117
2.3983
2.04346
2.39419
2.13227
2.2076
2.35917
1.35971
1.9354
2.52067
2.18794
2.12008
2.14512
1.95723
1.829
1.49537
2.16471
1.45861
1.77812
2.18421
2.02279
2.20798
2.63276
1.85863
2.22538
2.30484
1.65441
2.12489
2.08055
2.17624
2.20241
1.87544
2.23142
2.10609
1.22084
2.06777
1.53302
1.94448
1.99306
1.49659
1.71338
2.18118
2.08134
2.27043
2.04786
2.32212
2.50152
1.84276
2.47822
2.09439
1.93646
2.08682
2.11532
1.96657
2.10266
1.48243
1.74001
2.81412
2.47954
2.14409
2.02311
2.13058
2.33076
2.06291
2.06648
2.28454
2.01888
2.24897
1.64682
1.80468
1.93064
2.43579
2.51204
2.27843
1.00553
2.07287
2.21792
1.85959
1.86671
2.11196
1.76263
2.3012
2.38752
2.16629
1.89333
2.46511
2.28287
1.51663
2.53863
2.51188
2.2859
1.31101
2.21837
1.41442
1.88948
1.61703
2.07487
2.09709
2.55082
2.31373
2.13017
1.79053
1.78551
1.67302
1.47323
1.68347
2.19562
1.90772
2.48132
2.38892
1.05525
1.93419
1.65212
2.07501
2.46972
2.41528
1.38005
2.24471
2.13787
1.53612
2.08574
2.37344
2.2148
1.34133
2.52901
1.6681
2.30014
2.09217
1.99343
2.47883
2.54547
1.62933
2.06396
1.25666
1.89766
2.09842
1.79058
2.15752
2.12415
1.73809
1.85661
1.4118
1.65741
2.15191
2.5257
1.79645
1.89472
1.57938
2.54809
1.94079
2.32123
2.22966
2.03059
2.22024
0.784457
2.17222
1.88071
1.87881
1.89701
2.38009
2.16789
2.54228
2.04608
2.24437
2.31262
2.05028
2.18801
2.23795
1.98119
1.65431
2.25134
1.77454
2.2074
2.04259
1.82478
2.34899
1.78677
1.63089
2.3636
1.31435
2.02983
2.06322
1.45799
2.52017
2.40196
1.96438
2.20749
1.35975
2.36935
1.38433
2.06819
1.92556
2.14802
2.14645
1.88339
2.05995
1.99639
2.18849
2.06999
1.55963
1.75208
2.21135
2.12563
1.40671
2.06243
1.81539
1.85313
1.70786
1.69289
1.37394
2.01941
2.03782
2.65999
2.40855
1.06788
1.89366
2.43903
2.1288
1.18244
2.45164
2.22754
1.90267
1.64304
2.08314
2.55559
2.50459
1.58731
2.48284
2.1701
2.4315
2.36789
0.840921
1.90185
2.33931
2.25789
1.45532
1.76513
1.78119
2.31722
1.57559
2.46491
1.75631
2.18279
1.29613
2.38086
2.41835
2.15118
1.14781
1.53162
2.25547
1.83074
2.38133
1.96874
1.90017
1.42877
2.04948
1.36192
2.21131
2.36008
1.25383
2.68407
0.385668
0.88012
2.1715
2.12498
1.66585
2.49483
2.18864
1.9621
2.33587
1.59757
2.33274
1.69167
1.9799
1.10816
2.18389
2.5558
1.7742
2.0743
1.62839
1.73774
1.83079
2.055
2.70075
2.28559
2.3477
2.11078
1.89568
1.81319
1.84824
2.08084
1.6574
1.61319
1.57893
1.984
2.14529
2.06886
1.87938
2.19322
2.11521
2.3944
2.28183
2.326
1.76729
1.0098
2.27252
2.02642
1.83628
2.3338
1.89366
0.957704
2.31655
1.47995
2.36229
2.13927
2.41675
1.88388
2.35013
1.47795
2.59721
2.03908
2.45317
1.68574
1.65177
2.39274
1.29071
2.21951
2.23953
2.29423
1.51285
2.47887
1.77126
1.95762
1.64795
2.37387
1.2241
1.87703
2.12769
2.06979
2.1917
1.08262
2.55874
2.13963
2.02371
2.05819
2.40826
2.37612
1.19055
2.18812
2.44246
2.40496
2.39732
2.2289
2.22992
2.38884
0.672398
1.35048
1.53891
2.17439
2.34061
2.14856
1.89171
1.79638
2.43939
2.06625
1.61224
1.90333
2.69424
2.47219
2.07285
1.69743
2.35669
2.10207
1.81631
2.51461
1.69114
1.69268
1.62996
2.37867
2.44793
1.96819
2.00323
2.32318
1.5513
2.15983
1.85958
1.60544
2.10614
1.20931
2.08252
2.09495
2.04306
1.03697
1.58704
1.91641
1.80774
2.01461
2.29476
1.15685
2.37633
2.25036
1.28457
2.20211
1.31917
1.75978
1.52122
1.87627
1.63097
1.9186
1.73821
2.27703
2.06279
2.04244
1.94358
2.06343
2.14911
2.29312
2.24697
1.18316
1.88589
2.30437
2.51847
2.1514
2.27307
2.15406
2.17796
2.0546
2.11236
2.02486
2.16641
1.54425
2.33728
2.29476
2.23317
2.18367
2.26093
2.39471
2.14055
1.83449
1.78886
2.38081
1.59596
1.65163
2.1777
2.34326
2.01724
1.72513
1.66656
2.56628
1.64884
1.87341
1.7672
2.05423
1.58856
2.2221
2.03412
2.17135
2.36278
1.76529
2.68414
1.97254
1.97366
2.0175
1.82437
2.48874
1.7851
1.48556
2.24352
1.6712
1.62843
1.16203
2.33277
2.20871
1.96644
2.04321
1.94936
2.21841
2.6868
2.41823
2.21022
2.35687
1.66666
2.03448
1.26124
1.78467
1.62436
1.11094
1.4776
2.37325
2.28183
2.24114
1.76288
1.95079
1.42357
2.36401
2.23842
1.95241
2.04926
1.97429
2.05889
2.14555
1.88682
1.83123
1.66851
1.48716
2.49392
2.50699
2.29829
1.85394
1.61535
1.15589
2.54705
1.94448
2.41266
2.07031
2.37166
1.73596
1.81838
2.53807
1.62202
2.37286
2.03426
1.73008
2.05575
1.92911
1.77627
1.75727
1.86584
2.13175
2.30661
1.80499
1.8792
2.45528
2.539
2.24078
1.98653
2.21849
1.94727
1.37814
2.10198
1.28948
2.24674
1.77959
1.76451
2.37752
1.77803
2.67685
2.22923
2.12073
1.54912
1.12791
2.12496
1.08313
2.19271
2.56422
1.89497
1.74973
1.6799
1.49215
1.47855
1.79659
1.57567
2.61086
1.76271
2.29854
2.06327
0.907145
1.81886
1.67563
2.33693
2.02791
1.76327
1.85824
1.80267
1.91086
2.30295
2.15031
1.7606
1.52095
1.27421
1.7319
1.77273
1.95318
1.9748
2.22568
2.23722
2.07672
2.14546
1.79395
2.29952
2.20535
2.18303
2.4941
1.7885
2.22015
2.39888
2.21413
2.0927
1.45391
2.34447
2.32038
1.83445
2.20109
1.26662
1.37214
1.29677
1.97548
2.06918
2.40353
0.367965
1.77794
1.64707
1.27402
1.78585
2.60816
1.84605
2.02329
1.54143
2.20539
1.68712
2.20888
2.28898
2.33746
2.25579
2.16544
1.93826
1.84921
1.59136
1.13848
2.33184
1.93449
2.32904
1.73341
2.04548
2.07484
1.87788
2.07332
2.25209
2.45237
2.41074
-0.0834392
1.95321
1.84528
1.29279
2.00996
1.82972
2.34137
1.78073
2.27046
1.59344
2.17068
2.08763
1.89376
2.64139
1.84677
2.02506
2.35711
2.37872
2.13652
2.39475
1.16439
1.6265
1.999
2.20457
2.17911
2.50959
2.3575
2.14344
1.81071
1.38324
2.00946
1.99884
2.14505
1.93379
2.06461
2.2275
2.41833
1.68171
1.83182
1.70901
2.10385
2.03007
1.79921
2.39522
2.18556
1.9715
1.98283
0.717859
2.19805
1.32008
2.21754
1.76241
2.65017
1.7423
2.5086
2.16982
2.20011
2.19984
2.49517
1.33815
1.91136
1.96028
1.67714
2.13309
0.751957
1.74512
1.97574
1.91995
2.13742
2.51124
2.00436
2.21052
2.47258
1.87672
2.46593
1.75277
1.91171
2.62481
2.14863
1.96685
1.33126
2.09943
2.18354
1.79114
2.22735
2.35703
2.3148
1.83362
2.09668
2.29256
1.51004
2.31861
1.91042
1.91337
2.20587
1.33443
2.00678
1.83443
2.32927
2.10549
0.249506
2.23838
2.32145
2.59814
2.4797
2.23833
2.41659
2.3028
1.64373
2.15116
2.52714
1.58459
1.28404
1.98623
1.45405
1.94972
2.24826
1.927
2.17723
2.16445
1.50625
1.88066
2.27013
1.94673
2.12262
2.17098
1.89389
2.19669
2.22759
1.97906
2.25411
2.03713
1.81572
2.00453
2.31635
2.06492
2.0819
2.25364
2.20748
1.6174
1.98754
1.55298
2.01253
1.07891
1.87825
2.18612
2.36139
2.0322
2.07263
2.04349
2.15209
2.75663
2.20685
1.98721
2.21983
1.85026
2.02337
2.39495
1.7304
2.5036
1.22724
1.70477
2.11757
1.89213
1.62032
2.08794
2.12309
1.90665
1.94249
2.15806
2.4907
2.4032
2.6623
2.30538
2.25525
2.14856
2.19341
0.836629
2.14315
1.48076
1.67865
2.27049
1.9178
2.04025
2.26736
2.63522
2.13328
1.898
2.39564
2.37401
1.53161
2.30418
1.87683
2.27945
2.10944
1.86717
1.81563
2.33122
1.9881
2.24601
2.17199
2.38203
1.6656
2.08908
2.37084
2.02858
2.54785
1.97372
1.77519
2.07188
2.59191
2.53094
1.48908
2.5248
2.14941
2.19314
2.31833
1.78148
1.97153
1.77068
1.94942
1.62927
0.947492
1.85342
2.37051
2.40869
1.9303
2.27603
1.99217
1.69456
1.90626
1.93961
2.04731
1.51925
2.08729
2.21984
2.47768
1.79005
2.11871
1.24638
2.12061
1.9498
1.42401
1.2432
2.05012
1.99052
1.80849
1.79528
1.90873
2.16045
2.151
1.71448
2.34208
1.77169
2.63503
2.19042
2.04606
2.11797
0.440266
1.98471
1.26866
1.49663
1.68822
2.33307
1.88704
2.3383
2.1851
1.99391
2.01492
2.28273
1.97546
2.29494
1.78161
2.07667
2.54766
1.78432
1.29275
2.1387
2.42645
2.12594
2.28504
2.2191
1.90074
2.40007
1.14876
1.41377
2.54415
1.25086
2.1323
2.01763
2.38056
2.19398
2.14699
1.8259
2.44777
2.25666
2.04118
1.22797
2.17278
2.00642
2.34546
2.31965
2.15294
2.13897
1.92309
2.19402
2.28765
1.659
2.3154
1.60041
2.09413
1.93128
1.87772
1.93098
1.92515
1.87591
1.52247
2.55827
1.997
1.69567
2.11622
1.86583
2.01717
2.4201
1.97013
1.99125
1.9948
1.74601
1.6535
1.77235
1.94658
2.15734
2.53089
2.34223
2.0614
1.88715
1.23184
2.39796
1.64487
2.48697
1.87492
1.94378
2.1167
1.75537
2.60451
2.14739
2.17234
2.17653
2.2238
2.40857
2.18707
2.40197
1.90161
2.1596
1.21635
2.07634
1.92686
2.18853
2.17714
2.23849
2.04558
1.64873
1.83055
2.18601
2.08883
2.09966
2.13683
2.47625
2.21728
2.36905
2.03412
2.01307
1.95951
2.10982
2.04044
2.25805
2.46091
2.07841
1.41833
2.21362
1.94804
0.650379
2.21472
2.28497
1.5198
2.02251
1.5828
1.32408
1.89045
2.02745
2.24053
1.6275
2.36986
2.43761
2.07278
2.38583
1.86261
1.96991
1.94173
2.30263
2.3935
2.26659
2.14421
1.99134
2.31025
2.29495
2.05777
2.64049
1.57399
1.9884
1.7158
1.87694
1.18937
2.03314
2.49199
1.82799
2.50355
2.34597
2.43275
1.97811
2.37084
2.20576
2.10981
1.96543
1.76906
2.21907
1.81868
1.52937
2.37813
1.87491
2.09819
1.60377
2.52294
2.49403
2.34556
1.96337
1.71325
1.93419
1.95779
1.42289
2.03943
2.2445
-0.135404
1.81628
2.34782
2.56518
2.10524
2.27906
2.19072
2.00509
2.1855
2.34981
2.23625
1.91774
2.27702
2.72868
1.71532
1.61246
1.54791
1.95595
2.14767
2.08028
1.52584
2.41612
1.53575
2.43809
2.13418
2.36834
1.78804
2.13024
2.11706
2.25992
2.14022
1.95795
1.8699
2.30484
1.86761
2.57908
1.77718
1.6495
1.93446
2.23167
2.38053
2.35055
2.01843
2.04409
2.04526
2.16427
1.99047
1.84109
2.60814
2.28719
1.96938
0.779704
2.11801
2.11408
2.18635
2.44965
1.688
2.33277
0.933529
2.38402
1.91407
2.1007
1.48864
2.28592
2.27269
1.94326
2.07578
1.87774
2.49627
1.95078
2.21516
1.9738
1.43555
1.75618
1.67304
2.33121
1.53095
2.10541
2.09266
1.97463
2.33934
1.74842
1.98745
2.23143
1.47393
2.10596
1.92653
2.12182
2.45013
2.47814
1.88787
1.87368
1.80959
2.16147
1.92358
1.53463
2.11633
1.87946
2.30359
1.66512
1.1411
2.05344
1.89982
2.58705
2.15865
1.96975
2.03949
2.35449
2.28111
2.09235
2.61878
2.39937
2.33788
1.96363
1.71989
1.72168
2.09167
2.33678
1.7034
1.06681
2.01082
1.85453
2.29471
1.72681
1.94005
2.3712
2.65049
1.99638
2.2991
1.99238
1.92056
1.51447
1.88375
1.53476
2.31339
2.34386
2.30353
1.97594
2.35886
2.31445
2.37183
2.10373
0.747898
1.99693
2.3504
1.80872
1.13517
2.18863
1.62353
1.84218
2.44357
2.09674
2.45364
1.64016
1.77616
2.66757
2.25185
1.73478
2.47574
1.56993
2.23605
1.77627
1.29664
1.93685
1.85035
2.57614
1.58542
1.66139
2.3126
1.75177
2.17685
2.06879
2.60291
1.95746
2.43172
2.11317
2.13348
2.21717
2.60882
2.03364
1.7086
2.35382
2.01128
2.41089
2.18975
1.92152
2.19239
2.06658
2.16836
2.19374
1.41135
2.3066
2.63133
2.23968
1.91578
1.87654
1.14541
1.85696
1.9887
2.46698
1.50824
1.71498
2.28565
2.02372
1.63038
1.87127
1.63265
0.977198
2.29473
2.62939
1.99934
2.39814
2.55918
1.66956
1.27092
1.67706
1.83158
2.35252
2.1607
2.38772
1.76216
2.30581
1.87253
2.43784
2.10668
2.30657
1.64386
2.65844
1.8707
2.12917
2.21055
2.26298
1.84085
1.62001
1.75369
1.73759
2.0729
2.12215
2.03771
1.5991
2.02482
1.79303
2.33297
1.8027
2.25235
2.63444
1.80171
2.13672
2.05319
2.03046
0.392561
2.09505
2.32805
1.95697
2.32968
2.60192
1.97565
1.93842
2.47919
1.98129
1.75702
2.06548
2.33312
2.36292
1.82854
1.78774
1.63006
2.03302
2.30658
2.26131
1.51914
2.04276
1.728
1.50526
1.82989
0.329635
1.98216
1.97454
2.58373
1.45756
2.01475
0.815018
1.70644
2.51678
2.45167
2.17525
2.19417
1.99146
2.50173
2.33022
2.39438
2.17358
1.3125
1.82346
1.37062
1.72523
2.79993
1.77844
2.27758
2.2199
1.74056
2.26569
2.33952
1.93931
1.95357
1.89847
2.03886
2.57377
2.41932
1.82132
1.72971
2.13483
2.18174
1.41811
1.80269
2.11676
1.86579
1.44508
2.43135
2.091
2.08328
2.06778
2.12711
2.05345
2.29297
2.26332
2.05718
2.09046
2.12996
2.11413
2.4389
2.08506
2.2738
0.75454
2.15371
1.76796
2.00277
2.20708
0.31448
1.95222
2.42113
1.35665
2.36202
2.36395
1.97833
1.92419
2.66767
2.16841
1.91936
2.06021
2.34902
1.90966
1.97554
1.48272
1.87835
2.2514
1.28227
1.98423
2.53924
2.33841
2.60691
2.13018
2.40306
2.0708
1.72552
2.13103
2.70154
2.50112
1.60756
1.94974
2.63191
2.24637
2.38161
2.36689
2.10034
1.27878
1.8818
1.07311
2.17409
2.11847
2.26406
2.21436
1.61498
1.80707
2.36986
1.98969
2.12722
1.75893
1.45329
1.18375
2.17748
2.17303
1.46362
2.17387
2.25027
2.06421
2.46892
2.49639
2.21537
2.06243
1.9836
1.17727
2.19616
2.31839
2.04974
2.23516
1.9363
1.79596
1.37695
1.79587
1.99817
2.08787
2.1144
2.40767
1.9702
2.00422
2.33777
1.5923
1.76259
1.81262
2.12034
2.27772
1.71199
1.62194
1.96101
2.54056
2.29804
2.37201
2.19727
2.05569
1.72247
2.565
1.01865
2.19871
1.48236
1.46763
2.59055
2.33868
1.76072
2.09331
2.62365
2.04332
2.15925
2.53393
1.70291
2.01789
1.35487
2.36875
1.49286
1.51672
2.30037
2.34473
1.68467
2.05307
1.74829
2.07902
1.88703
1.68317
1.68974
2.20756
2.38102
1.48469
2.41431
2.38882
1.54947
2.49455
2.18424
1.86798
2.35064
2.12449
2.04398
2.03773
1.61744
1.68664
1.74918
1.85949
2.24105
1.94981
2.10965
2.32249
1.73211
2.34535
2.08077
1.63332
2.04933
2.03374
2.32758
2.07448
2.43198
1.71496
2.22201
2.38557
2.09542
2.11433
1.89419
1.8208
2.03753
1.48311
2.17553
1.95467
2.1242
1.8342
1.89616
2.17607
1.18017
2.1975
1.96943
1.76769
2.47796
1.83974
1.94259
2.19296
1.56407
2.6147
1.45493
1.49059
2.29317
2.5534
1.51749
1.77254
2.05498
1.42201
2.14178
2.17155
1.23847
1.87653
1.75915
2.16156
2.27847
1.1005
2.53414
2.1831
2.2023
1.75483
2.08139
2.10139
2.1773
2.55891
2.16741
2.24091
1.82208
2.24394
2.1897
2.44693
1.59816
2.39538
2.28347
2.23432
1.76992
2.15142
0.930726
2.27629
1.7392
1.76313
2.79582
2.0719
1.11626
2.27017
1.97462
1.9705
2.44813
2.08821
2.19806
1.79402
2.15885
1.65882
1.17072
2.23921
1.26782
1.47565
2.03091
1.83374
2.00019
2.29921
1.93982
1.87112
2.10413
2.12645
2.57059
2.51442
2.30091
2.11773
2.39342
2.26365
1.52025
1.91267
2.31042
1.38115
0.287832
2.22112
1.88278
1.13524
2.506
2.02816
2.33122
1.94196
2.12563
2.38519
2.05662
1.91401
2.02407
1.86023
2.042
2.1212
2.1199
2.03602
1.85724
1.06096
1.76703
2.39199
2.19413
0.962577
2.35023
1.84658
1.40077
2.05358
2.15232
1.94118
2.18737
1.51271
1.87563
2.66031
1.85381
1.9215
2.38936
1.57161
1.32305
1.90515
2.2356
1.30718
2.66898
2.39821
1.82576
2.34669
1.95325
2.0606
2.3722
0.98238
1.55834
0.758622
2.1051
2.5526
2.17528
2.31736
1.95183
2.36484
2.51268
1.80208
2.02477
1.90393
1.18733
1.81502
2.08595
2.2582
1.66114
2.25403
2.30997
2.01013
2.42825
2.34979
2.10641
1.59515
1.78647
1.8299
2.34971
2.4192
2.0749
1.28839
1.68537
2.16003
2.0137
2.41349
2.14431
1.87245
1.86178
1.70575
1.84564
2.22342
1.33075
1.89562
1.81962
2.06245
1.9253
1.46627
1.98346
2.37372
2.46575
1.72424
1.95734
2.13281
2.62448
2.28072
2.40307
2.40174
1.97039
2.24284
1.53905
1.89274
2.1501
1.54199
1.44201
2.51807
0.724098
1.88765
1.89146
2.40801
2.08769
2.10125
2.10346
1.68659
1.94535
1.77145
2.33418
2.0804
2.0092
1.81184
2.18035
2.17272
2.07587
2.34102
1.56278
2.08454
2.46871
2.01197
1.77204
1.59028
2.06312
2.09975
2.20758
1.88866
2.50387
1.98686
2.5148
2.19676
1.01544
1.73614
2.46774
1.43662
2.0795
1.73448
1.99881
2.19919
2.07235
1.84246
1.23041
2.12697
2.60235
1.82076
1.80532
2.10076
1.38385
1.90949
1.93244
2.37079
2.70314
1.33054
2.36691
2.59701
2.34668
2.09945
1.51334
1.96073
2.15098
1.92456
2.40993
0.577402
2.35477
2.27688
2.34239
1.77285
0.877456
2.33991
1.8702
1.70579
1.08596
1.95163
2.00913
2.54388
1.79502
2.43149
1.16209
2.18709
2.38221
2.26617
1.73847
2.08934
1.50919
1.93032
1.99558
2.2031
2.07055
1.56558
2.44116
1.61707
2.69661
2.46185
2.05151
2.08188
1.51289
1.65189
1.69819
0.940539
0.808162
1.77644
1.88716
2.27716
1.48979
1.93963
1.66807
1.33321
1.92263
2.06843
2.43772
2.33811
1.36097
2.09197
2.12068
2.08441
2.09623
2.63105
0.837749
2.25138
2.6906
2.46895
1.63522
1.07704
1.44624
2.06612
2.28139
2.13712
1.62363
2.39186
2.53382
2.00989
2.19171
2.16406
2.40153
1.82253
2.24976
2.40965
2.32374
2.17906
1.76351
1.3352
1.95378
2.27123
2.3046
0.866839
2.57947
2.11965
2.19982
0.570698
2.53866
1.92389
2.15173
2.31281
2.46244
1.93202
1.97475
1.93736
1.59574
1.72597
1.54305
1.57166
1.82139
2.10994
2.32253
2.15241
2.57746
2.30182
2.28725
2.47866
2.18314
2.35048
2.01126
2.68498
2.48572
1.25463
2.37108
2.02275
2.46726
1.34573
1.8471
2.05322
1.53182
1.38161
1.70109
2.59782
2.68548
2.46261
1.95694
1.52242
1.65103
1.56041
2.49811
2.40617
0.929959
2.41691
2.2601
2.10624
1.835
2.25323
2.39053
1.83445
2.10605
2.05024
2.28434
1.31335
2.11334
1.85883
1.83032
2.32075
2.01439
2.47867
2.3473
1.45868
2.30542
2.16489
2.03042
2.26926
1.17748
2.0788
2.15232
1.5277
1.38132
2.09026
1.9112
1.78059
2.03257
2.0172
1.73468
1.81844
1.68546
2.3675
2.3721
1.47956
2.40215
1.83039
2.12393
0.334637
2.56983
2.5289
1.71906
1.61269
2.26529
2.26803
2.17486
1.98809
2.0204
2.08283
2.17482
2.31967
1.72858
1.49649
2.14511
1.28122
2.53961
1.93207
1.22021
2.36269
2.27627
0.669032
2.30141
2.03215
1.84499
2.34327
2.05691
2.49111
2.06496
2.29199
2.19749
2.10732
2.03053
1.67938
2.20224
2.0641
2.30789
2.276
2.07686
2.21049
2.08205
2.19877
2.04205
1.98587
2.36694
1.94808
2.01395
2.33735
1.82732
2.39842
1.90163
2.16585
2.21265
1.78282
2.14691
1.97103
2.14116
1.74084
2.16192
2.16719
1.88727
1.95442
2.19682
1.98576
2.24411
2.19159
2.35319
2.12157
2.1456
2.64726
1.90295
1.98724
2.06302
1.49213
2.16807
1.12696
1.99406
1.73993
2.4138
1.91701
1.98023
1.01275
1.30863
1.283
2.33927
0.927758
2.14427
1.54205
2.14642
2.27097
2.29645
2.22474
1.69228
2.37687
2.14143
1.75517
2.27777
2.12203
1.65084
2.22232
1.6293
2.15471
1.77341
2.23939
1.5512
2.10423
1.9094
2.1195
2.28536
1.15719
1.96082
2.42116
2.19222
1.94313
2.00706
2.25883
1.79245
2.40482
2.27322
2.08086
2.04193
2.4111
2.06114
1.87746
2.55066
0.664313
1.36395
1.978
1.821
1.98112
2.05324
1.96672
2.26219
2.39357
2.03152
1.91273
1.99844
1.99102
2.03249
1.96733
1.99259
1.11822
1.8239
2.49367
1.79598
2.28694
2.47844
2.38842
2.12285
2.3519
1.79499
1.4159
2.31543
2.14182
2.38227
1.93738
2.31827
2.39877
1.73021
2.55766
2.13989
1.6654
1.93117
1.5084
2.52593
2.32381
2.24962
2.2918
2.06043
1.56457
2.0589
2.16966
2.10152
1.07131
1.74137
1.3058
2.06352
2.17229
1.90188
1.55385
1.55667
1.58424
2.12454
2.25265
1.9852
1.67861
1.7254
2.14554
1.46339
1.86486
2.18817
2.23534
1.9021
1.25608
1.85662
1.51086
1.90273
2.31717
1.62257
2.21402
1.96204
2.19897
2.18242
2.40759
2.09411
2.36575
1.91181
2.58385
2.38141
2.49341
1.38099
2.25404
1.95206
2.3724
1.31729
1.97679
1.44938
2.05988
1.95369
1.70664
2.1052
1.59352
2.22454
2.44272
2.30703
2.06077
2.15309
1.56554
2.23659
2.05476
1.73823
2.21026
2.18463
2.28889
2.30709
1.96401
2.4002
2.34466
2.10141
1.75466
1.27172
2.17404
1.77639
2.23616
2.576
1.65185
2.30424
2.27156
2.01796
1.91875
2.13832
2.1658
2.01114
1.77836
2.43355
1.89506
1.75045
1.80295
2.00966
1.88579
2.07978
1.94858
2.15157
2.52902
2.03152
2.00464
2.22783
2.39514
0.758935
2.17566
2.19906
1.16351
2.29175
2.1109
1.61625
1.81136
2.10705
2.09787
1.85063
1.66487
2.32522
2.39463
2.33757
1.92302
2.6805
1.99438
2.22393
2.07236
2.47522
2.48338
1.68376
2.26702
1.68696
1.99482
2.56354
1.91025
1.79151
2.33391
1.64063
1.75535
2.02489
0.879323
2.04698
2.38127
2.34876
2.00457
1.91723
2.32971
2.28832
2.06061
1.49552
2.05924
2.11994
1.92647
2.44584
2.27853
2.38117
2.32421
2.14523
1.54019
2.51421
1.99205
2.30511
2.04729
2.11309
1.99547
1.36611
2.10502
1.81137
2.19567
2.11673
2.52276
1.803
2.0564
2.18229
1.93506
2.08821
1.8075
2.06036
1.51086
1.74054
1.82465
2.52331
1.16268
1.61862
2.0217
2.33678
1.77625
1.84927
1.68929
1.95267
1.85898
2.06688
2.75694
2.54179
1.9678
1.82041
2.41634
2.50469
2.34095
2.16906
2.18074
2.24747
1.48729
2.20965
2.24269
2.5143
1.27953
1.81318
1.4247
2.59955
2.25129
2.19304
2.16688
2.22779
1.94488
2.29256
2.26917
2.07817
2.16998
0.69215
1.45614
2.22296
1.95914
1.36488
1.91982
2.13527
2.29161
2.28909
2.17593
1.56645
2.09402
2.33689
1.71812
1.87583
1.64274
1.8338
2.17823
1.72218
1.87129
2.09386
2.30961
1.70096
1.9755
2.37171
2.10772
2.08834
2.00716
1.72567
2.23471
2.30573
1.90037
1.3129
2.1194
2.55058
1.4808
2.34998
1.71942
2.0012
1.99566
1.52453
2.4087
1.79632
1.59176
1.76838
2.5002
2.41908
2.26124
2.2951
1.38859
1.5781
1.86313
2.3785
2.40974
2.03657
1.66335
2.19532
0.993626
1.90482
1.83567
2.43576
1.64109
2.30209
1.73727
1.08208
1.32592
2.02236
1.35709
1.84852
1.53215
1.96792
1.5434
2.24025
2.02116
2.18938
2.42532
2.24628
2.30705
2.29808
1.21426
2.09667
2.70022
2.15203
1.93719
1.72544
1.76626
2.54865
1.79443
1.99871
1.36504
1.95332
2.1202
1.85801
2.3813
0.698497
2.02387
2.25331
2.14467
2.08237
2.06947
2.29692
2.32791
1.89621
2.19176
1.71512
2.26701
2.47503
2.16985
1.90651
2.54576
2.16372
1.78912
2.04488
2.16247
2.38083
1.9428
2.44094
2.0342
1.69135
2.15467
2.3004
2.53082
1.98007
2.16441
1.44186
2.09737
2.58796
2.10667
2.20164
2.67208
2.07122
1.81094
2.49346
2.29247
2.06414
1.95456
2.42102
2.33171
1.94934
2.18667
1.81017
2.59149
2.3718
2.31057
2.26591
2.53284
1.99884
1.72824
2.17505
2.10057
1.54779
2.32037
2.34903
1.93291
2.4623
1.70894
1.53322
1.80624
1.9939
1.99599
2.23369
1.59115
2.45323
2.14112
2.37426
2.21978
2.3385
2.51779
2.17425
2.14113
1.86225
2.14788
1.71618
1.71872
1.54253
2.59442
2.08618
1.56827
1.64056
1.9254
2.10675
1.85647
1.83074
2.29496
1.46105
2.13723
1.94549
2.46837
1.82487
2.59954
2.13158
1.9138
2.24781
1.82773
2.18861
0.956511
2.16296
1.35256
1.71863
1.99659
1.9908
2.29013
2.33749
1.88166
1.79922
2.18709
1.98053
2.13344
1.54834
1.71041
2.3005
2.40099
2.51832
1.84002
2.41519
2.5193
2.15526
2.35159
1.61641
1.52228
1.80696
1.91082
2.14895
1.79398
2.1568
1.82258
1.97662
2.27389
1.6689
2.07436
2.13432
1.9674
2.30101
1.80808
2.18226
1.57778
2.42909
2.57951
2.29236
1.87384
1.66427
2.055
-0.0193388
1.8619
2.052
2.02705
2.16319
1.35155
0.882998
1.86025
2.06872
0.85773
2.50343
2.57607
1.71096
2.20263
2.08887
2.16541
1.47854
2.40382
2.48032
2.38927
2.32605
2.4161
2.05163
1.82387
2.03458
1.67416
1.75052
2.51891
2.16297
1.94516
2.71264
0.780156
2.39402
2.13952
1.55449
1.55239
2.29246
2.29165
2.06316
1.95673
2.34965
2.142
1.5495
2.00193
2.52493
2.20865
1.71111
1.94941
2.11103
2.09279
2.53298
2.18095
1.81582
2.54793
2.37849
2.18715
2.22863
2.33673
2.06145
1.6995
1.76429
2.61122
1.58137
2.26146
1.99659
1.95656
1.5739
2.36458
1.96424
1.76354
1.73599
1.82999
2.38564
2.16959
2.0145
1.96333
1.55211
2.08656
1.99791
1.89137
1.92929
2.41412
1.76848
1.9157
1.7573
1.94809
1.39612
2.41927
2.47938
2.23744
1.57905
2.18073
2.65755
2.11928
1.95902
1.54199
1.82355
1.78035
1.66968
2.15823
2.32992
1.67883
1.33027
2.0563
1.92843
2.46366
1.3522
1.99993
2.12399
1.58042
2.26768
2.35125
1.96476
1.59361
2.03079
1.76993
1.35404
1.74972
2.43115
2.24474
2.13429
1.9695
2.48764
1.92156
0.324989
1.08778
2.25117
1.03148
2.23572
2.03395
2.17567
2.57636
1.84119
2.35582
1.7535
2.14108
2.07891
2.08918
1.89374
1.26073
2.21492
1.40284
2.12038
1.46884
2.27346
1.83509
2.54849
1.57311
1.70028
1.95997
2.39165
2.40175
2.04227
2.03112
2.35002
1.63028
2.28164
1.92738
1.89086
0.831083
2.16276
1.78044
1.59003
2.24775
2.3757
2.30231
1.80775
1.5967
2.20212
2.20768
1.97176
2.58412
1.93456
2.07594
1.85759
2.48755
2.17592
2.16223
1.58784
1.92637
1.99726
1.96192
2.33378
1.65978
1.47842
2.10789
1.94539
1.57979
2.01216
2.23963
1.9139
1.92362
2.00731
2.01683
1.76236
2.36532
1.29969
2.43718
2.02786
2.27824
1.99674
2.21641
2.25895
1.98289
1.84636
0.913851
2.13451
1.6767
2.58388
2.6154
2.08566
0.534742
2.13703
1.82351
2.14325
1.63588
1.79373
2.01162
-0.0932473
1.63447
1.23091
0.628607
1.9847
2.06212
1.54186
2.16627
2.24279
1.5292
2.27064
1.18206
1.97395
1.95876
2.46809
2.0806
1.37157
1.43755
1.78326
2.24393
2.29153
1.99179
2.29221
2.13213
1.73863
2.29873
2.24899
2.17972
1.59282
1.60958
1.86491
2.0341
1.54172
2.05798
2.016
1.93703
2.46476
2.21319
2.17498
1.2353
1.60003
2.62927
2.51922
2.15921
2.43254
1.58282
0.0959593
1.96013
1.28229
2.29662
1.95517
2.48368
2.13524
1.61775
1.50007
2.28198
2.28729
1.83873
1.72937
2.38926
1.91094
2.28998
2.64671
2.46203
1.45311
1.54916
1.50981
2.34556
2.02999
1.95224
2.18609
2.18426
2.12907
2.2307
0.809685
2.33025
2.15219
2.12892
2.09557
1.88434
2.17735
1.89393
1.68623
1.69372
2.30798
1.7054
2.12869
2.28133
2.09243
2.05563
2.23123
2.24062
1.43965
2.46804
1.94507
2.32831
2.17845
2.02835
0.507887
2.31912
2.37947
2.07461
2.32252
2.23296
2.03007
2.04773
1.9743
2.37665
2.19083
1.28951
2.11832
2.22765
2.26094
2.46391
2.5903
2.24932
1.84331
2.21113
2.32654
2.21689
2.09122
1.5394
1.69982
1.76753
1.5732
2.141
1.69696
2.21395
2.23725
2.17947
2.08533
2.23513
1.44736
0.916999
2.36066
1.72951
2.54573
1.39566
1.98709
2.02345
2.38876
2.00577
2.5798
2.44794
1.76552
2.17557
1.98225
2.17053
1.91456
2.14321
2.09352
2.48149
1.76498
1.86401
2.11545
2.1947
1.73853
2.23941
2.24543
1.70584
1.91646
2.14246
2.44139
1.95112
1.60569
1.88758
1.97916
2.25114
2.00441
2.44418
1.08701
1.60875
2.39509
1.67736
2.13324
1.91349
1.92596
1.38642
2.03746
2.28546
1.21399
1.93199
2.03593
2.19167
2.07229
2.07923
2.06497
1.46653
2.0849
2.15085
2.36611
2.12258
2.18234
2.14821
2.31514
1.94102
2.38634
2.08439
2.05254
2.1793
1.92505
1.85547
2.03545
2.65979
1.96376
2.09812
1.90826
2.11673
2.4996
1.53171
2.33709
2.02901
2.50565
2.45019
1.41974
1.46611
2.35347
2.4039
1.97393
1.59827
0.858942
1.91805
1.77805
1.90403
1.71195
1.52204
2.47726
2.02718
1.73137
1.02534
2.24204
1.68852
2.35979
2.10894
2.36522
2.1981
2.0956
1.46698
1.97514
1.98352
2.27109
2.02218
2.06813
2.10674
2.41501
1.91455
2.10959
1.74313
2.25613
2.03134
2.11161
1.47877
2.30338
2.20935
2.21442
1.93979
1.79482
1.70894
1.81349
1.74638
2.38595
1.73681
2.43288
2.07155
1.98491
1.62369
1.96007
1.9564
1.66098
2.21919
2.20154
2.25714
2.23161
2.56044
2.166
1.90692
1.76926
1.83722
1.57683
2.40196
2.34489
1.87486
2.3911
2.11584
2.18996
2.45431
2.09381
1.72179
1.04423
2.57946
2.09449
2.31849
1.98842
2.27818
2.04162
1.31258
2.24324
2.29866
1.71066
2.29192
2.15255
2.41371
2.2478
1.70388
2.08437
2.04126
1.89277
2.45754
2.55163
2.02531
2.03233
1.54449
2.07099
1.8644
2.25026
2.56817
2.23711
1.83765
1.88361
1.42764
2.01412
1.15367
1.95497
2.43745
2.27159
2.03678
2.26142
2.34585
1.84004
2.11546
1.94946
1.24582
2.42122
2.11448
2.16254
2.64043
2.35136
2.16401
2.02051
2.24899
2.15711
2.53584
1.86313
2.37216
2.17013
2.02554
2.01759
1.94843
1.78767
2.1118
1.63728
1.902
2.23759
1.2567
1.56317
2.17222
1.67456
1.45647
2.31843
2.10301
1.70274
2.36137
2.2294
2.29823
1.72066
2.13769
2.25599
0.857888
2.51523
2.16727
2.34481
2.31822
1.51468
2.29019
2.26311
2.03593
1.3507
2.22463
1.77077
2.35601
2.22513
1.97972
1.65494
2.00595
2.19548
2.03152
2.39521
1.82643
2.23152
2.1005
2.22402
2.18929
1.82049
2.10175
1.86531
2.11304
2.15313
2.32611
1.99355
1.61825
1.93912
2.49217
1.79552
2.22791
2.46541
2.19604
2.10075
1.89014
1.44215
0.972126
2.4989
2.08234
0.992795
2.08592
1.66885
2.10185
2.43399
2.30918
1.69349
1.33679
2.39846
1.87538
1.67472
1.33966
1.32371
1.95875
2.27631
2.51616
1.50905
1.46694
2.32632
1.53111
2.01582
1.71831
1.8147
1.89116
1.88146
2.3996
2.15282
1.72662
2.34462
0.819426
2.68933
1.85889
1.91161
2.11806
1.41047
2.5455
1.7235
2.15416
2.14919
2.49739
2.02967
2.55864
2.17517
2.00659
1.64718
1.83407
1.64486
1.92188
2.0533
2.30463
2.32661
1.5983
1.15458
2.19205
1.98589
2.07695
1.9618
2.47542
2.0645
1.83917
1.64265
2.34045
2.29026
2.23885
2.10962
2.15552
2.18641
1.89
1.84315
1.71653
1.83389
2.32887
2.22565
2.7029
1.74967
2.5694
2.29395
2.52055
2.4244
2.43944
1.60192
1.23719
1.52633
2.28088
1.95045
2.38711
2.25952
2.39595
1.99118
1.75823
1.93835
1.99342
1.30506
1.31907
2.11367
1.98495
2.38173
1.57728
2.58367
1.91873
2.44464
2.08317
1.9631
1.77061
2.06119
1.57236
2.00194
2.35142
1.91307
2.41406
1.67065
2.0091
1.26276
2.06512
2.00498
2.4074
2.32767
2.286
2.05551
1.39841
1.40223
2.29484
1.93424
1.2486
1.82926
2.50287
2.42917
2.0403
2.15051
2.24495
2.24971
1.22385
2.47627
1.66541
2.18239
2.37342
2.46622
1.75183
1.06036
2.14076
2.19989
2.16687
2.56008
1.37149
1.51877
2.08295
1.78545
2.15842
2.37036
1.99285
1.86733
2.24119
1.12217
2.82706
1.84917
1.92981
1.70754
2.21913
1.61373
1.9116
2.16565
2.49784
2.07674
2.37812
2.08925
2.20138
2.37674
1.99708
2.29196
2.61275
2.2078
1.65626
1.96603
1.44302
1.83385
2.38886
1.59713
1.86548
2.43965
2.06678
2.06685
1.70341
1.77812
0.838052
2.27106
2.13206
2.26569
1.74528
2.50401
2.49155
1.44237
2.03525
2.49145
2.27186
1.9896
1.46618
2.271
2.36774
1.55503
1.04249
2.31586
2.16949
2.45744
1.40159
2.20213
1.98321
1.58978
2.05577
2.01641
2.30324
2.39016
2.22211
2.08612
1.96595
2.46937
2.38583
2.29171
2.24873
1.50478
2.11702
2.66477
1.78596
2.31294
1.4576
2.25903
2.34062
2.55628
1.72959
1.60546
2.24624
2.23616
2.19509
2.30915
2.0248
2.09064
2.46337
1.18574
1.92563
2.49442
1.98009
1.92932
1.59892
1.48676
2.19407
2.10502
2.49069
2.27047
2.05724
2.2827
1.36114
1.07467
1.71099
1.92113
0.867831
2.3115
2.19983
2.39918
1.61244
2.38409
1.97996
2.46446
2.29971
1.51528
1.82346
1.38787
1.84201
1.42027
1.8536
2.13293
1.80559
2.0653
2.03935
2.4474
2.31383
1.46049
2.0896
2.4267
1.18126
2.10062
2.34746
2.0732
2.32022
2.3963
2.56445
2.43371
2.3886
1.95967
2.18267
2.39528
2.28011
2.26501
2.03873
1.82824
2.22239
1.79645
1.91296
2.04811
2.08613
2.26711
1.84756
1.13648
2.24243
1.91013
1.29827
1.84673
1.77337
2.20505
2.01888
2.17191
2.39738
1.70716
1.81537
2.07746
2.40395
2.37956
2.16604
2.37561
1.83086
2.2601
2.29019
2.25702
1.67298
2.33903
2.18381
1.78197
1.67485
2.27875
0.534984
1.49034
1.87915
0.664878
2.44948
1.97788
2.44571
1.93954
2.0123
1.67246
2.24996
2.28975
2.20547
2.3102
2.51724
2.07811
2.16124
2.31235
1.86979
2.21925
1.90255
2.38693
2.0908
2.35931
2.09144
2.06689
1.42473
1.7202
2.39029
2.36565
2.07738
1.2387
1.84389
1.75134
2.28121
2.07296
2.25231
2.22882
1.6158
2.16287
2.09583
1.79179
1.69737
1.31548
2.21126
2.20651
2.3685
1.78764
1.65638
1.74912
2.02873
2.06513
2.38988
2.52312
2.13166
2.16748
2.0956
2.22325
1.10648
2.24741
1.31917
1.54128
2.48507
1.76482
2.50886
1.72761
1.87799
2.34753
2.21933
1.91751
1.4892
2.32412
2.63957
2.27902
2.15204
2.35814
2.31236
1.84858
1.89326
0.988398
2.11199
1.61183
2.24033
2.63403
2.39444
2.44065
2.25641
2.13269
2.38791
2.08768
1.55199
1.42913
2.37302
2.27272
2.39165
2.23324
1.5111
2.1172
2.16037
2.0759
1.9438
1.80707
1.44356
1.80355
2.0277
2.28705
1.96534
1.88597
1.63851
2.08466
2.11986
2.00924
1.81988
1.98883
2.36716
1.92069
1.97154
2.39591
2.28358
1.79343
1.89969
1.98628
1.88205
1.73139
2.21234
2.33653
2.28623
1.76331
2.33301
1.47739
2.0368
2.60067
1.57446
1.72259
2.11225
2.22129
2.29524
2.02375
2.21926
2.44618
1.7382
2.00117
1.97331
1.84111
1.74739
2.45108
1.50127
2.55784
2.17003
1.80249
2.46572
2.06034
1.56241
1.22286
2.1218
2.18982
2.31391
2.52042
2.55538
2.42297
2.06926
2.14801
2.41976
2.43098
1.96276
2.16679
2.34
2.0401
2.25733
2.54305
1.47513
2.34682
2.04074
1.67741
2.11701
0.72628
2.48171
1.30477
2.39197
2.23086
1.70665
1.67145
2.19705
1.73617
2.09285
2.37837
1.88943
2.27462
2.39039
2.31393
1.54195
2.1112
2.52686
2.33048
1.494
1.99334
1.50839
1.18282
1.76549
1.59118
2.19475
2.32339
2.02556
1.8218
1.83495
2.37547
2.23894
1.96043
2.13774
2.37291
2.04839
2.54074
1.64944
2.45614
2.61213
2.01897
2.18832
1.94624
2.38313
1.37226
2.0188
2.13039
2.20996
1.90472
1.55285
1.6373
2.45959
2.55655
1.68696
2.44143
1.68364
1.93896
1.26736
1.37284
1.96918
2.06798
1.82367
1.67729
1.41849
2.34062
2.34136
1.79726
2.347
2.35158
2.12345
1.74116
1.55352
1.84964
2.58834
1.70773
2.19035
1.87546
2.15897
1.58218
2.04596
1.9445
1.14109
1.94852
2.49447
1.99833
2.06791
2.73964
2.25111
1.63352
2.25554
1.67434
1.66245
2.25992
2.08875
1.77847
2.11711
2.17996
2.26828
1.13174
1.88799
2.21174
2.22301
2.57087
1.93378
1.95242
1.82101
2.26385
2.02211
2.10582
2.33185
1.76279
0.404184
2.03595
1.8966
1.70093
1.98067
1.62386
1.91923
2.41226
2.05926
1.55849
2.59777
2.01324
2.01561
1.4745
2.20849
2.30929
2.23316
2.18339
1.56004
2.44896
2.22892
2.39836
1.61112
2.29835
1.96719
2.00429
1.78363
2.3177
2.00753
1.62643
2.33874
2.39635
1.80124
2.05367
2.34082
2.34202
1.48652
1.90197
1.80753
2.13889
2.15855
2.1671
1.91166
2.09084
2.32848
2.16542
0.731911
1.6059
1.60963
2.42662
2.17829
1.96847
1.96601
2.3447
2.3043
1.16216
2.26256
2.24008
2.02609
2.16151
2.3772
2.41972
0.922506
1.30647
2.16057
1.77899
2.42775
2.19681
2.36799
2.38328
1.35666
2.4068
2.27389
1.73549
2.38415
2.16101
1.4428
1.10593
2.52126
2.40673
2.17282
1.93671
1.86926
1.52429
2.06303
2.21852
2.05273
1.87804
2.20621
2.2402
2.08914
2.32457
1.81018
2.33349
1.76357
2.16487
1.85742
1.01819
2.52685
1.82272
2.33036
1.94339
2.37491
2.05459
0.854075
2.28251
1.83405
2.57722
2.19771
1.7797
2.36246
1.83873
2.0811
2.09382
2.41038
1.40898
1.97933
1.69315
2.50808
1.60199
2.25769
2.38147
2.42824
0.807022
1.66033
2.48052
2.23212
2.38529
1.82759
1.55394
2.17458
2.66588
2.32385
2.2573
2.1847
1.96011
2.23061
2.15353
1.87631
1.85539
1.49353
1.97009
2.18088
2.44434
2.08033
2.43603
1.74039
2.38173
2.1054
2.208
1.86855
1.7758
1.83868
2.33674
1.39575
2.25153
1.89131
2.06421
1.72704
2.32236
2.0352
2.06775
2.35539
2.29116
2.08687
1.87896
1.93062
2.44413
2.39228
1.82236
1.8804
0.967494
2.14841
1.57311
2.30006
1.95308
1.98517
1.77087
1.13617
1.85077
2.23101
2.38273
2.21995
2.08128
1.80643
2.30535
2.41019
1.01724
1.54226
1.72388
2.11146
1.83942
-0.0644196
2.51721
1.9018
1.51715
1.84443
1.56616
2.44674
1.95018
1.81704
1.91701
2.10413
2.34045
1.89517
1.95313
2.08326
1.95496
1.88883
1.08753
1.70019
2.48566
2.23271
1.98012
1.80003
1.70117
2.04341
2.05373
1.89927
0.350966
2.05102
2.04575
2.16755
2.2028
2.13207
1.43725
2.23937
1.51683
2.32967
2.40246
2.19952
1.80798
1.93767
1.55309
0.592829
0.399005
2.53109
2.05848
1.75843
2.38709
2.31742
2.47357
1.8237
2.34157
2.26208
2.39845
1.31281
2.0509
1.73916
1.78944
1.76749
2.05673
2.56905
1.94965
2.27466
2.16975
1.12998
2.13693
2.40589
1.90731
2.28516
1.75947
1.98317
2.06947
2.17182
2.02504
1.86314
2.26938
1.77637
2.17597
2.49302
1.73057
1.95468
2.11483
1.10897
1.55496
2.57866
1.79251
2.33733
2.44115
2.32674
1.98488
2.20145
2.36492
2.21011
1.90362
1.86022
1.86186
2.13412
2.30814
1.69838
2.14544
2.23383
2.31562
1.09951
1.94058
2.14382
1.69513
2.08285
1.84841
1.8472
2.38018
1.79109
2.53805
1.97028
2.42501
2.20504
1.55502
1.9946
1.9971
1.81501
1.64173
0.780933
1.97295
2.19994
2.52248
2.12455
2.37938
2.27355
2.48961
2.58523
2.42844
1.33334
2.13234
2.29458
2.16623
2.05775
1.92132
2.15716
1.63968
1.74181
1.71103
2.31487
2.29931
2.10138
2.51032
2.39052
1.90964
1.7743
1.93308
2.13097
1.81171
2.34978
2.25389
2.41672
1.87804
2.00847
1.87094
2.44352
1.82214
2.40995
2.02923
2.37547
2.14415
1.90478
1.52586
2.19519
1.8366
1.9517
1.80159
1.81915
2.20463
2.47714
2.5681
2.44366
1.5888
2.30693
1.75421
2.11789
2.20895
1.87161
1.95578
2.26271
1.58091
1.66187
1.67721
2.37622
2.1811
2.11625
1.78403
2.21168
2.05396
0.850632
1.50446
2.38122
2.27493
2.4825
2.5405
2.375
2.11178
2.3594
2.0496
1.84663
1.57927
1.51323
1.74541
1.42003
2.16984
1.41877
1.72875
2.23801
1.26111
2.07389
2.28816
1.94656
2.02266
1.36818
1.78644
1.94394
2.10212
2.33117
1.96694
1.46552
2.6057
2.50999
2.48401
2.53694
2.08779
2.37349
2.3086
2.01681
1.61791
1.89759
2.09051
2.25222
2.43676
2.10686
1.4825
2.14185
1.70889
1.93065
1.83877
2.05944
1.92405
1.90717
2.31049
2.20451
2.36983
1.63862
2.37934
1.51091
1.66539
1.7354
1.32841
2.54183
2.15573
2.4198
1.94697
1.93945
2.08386
2.56027
1.18406
2.39339
2.47398
2.27131
2.12332
0.985111
1.94487
2.50219
2.29507
1.43028
1.5276
1.53958
1.975
1.82895
2.26946
1.87757
2.36972
1.78567
2.17726
1.69645
1.46957
1.69815
2.33802
1.81768
2.26429
2.43796
2.3234
2.11801
2.13382
1.92712
1.83941
2.43865
2.48493
1.95167
1.7794
2.37575
1.40785
1.81219
1.91343
1.77474
1.49754
1.84118
1.89812
2.03826
2.28804
1.63052
2.31164
2.41803
2.21417
1.89772
2.11675
1.60486
2.13202
1.89135
1.59674
1.84215
2.21925
1.99147
2.24891
2.40212
2.73693
1.6092
1.89604
1.90403
1.68373
2.28356
1.30291
2.48692
0.713267
1.79496
0.959171
2.28463
2.08099
1.83914
1.66646
1.22812
2.19209
1.93697
2.31617
2.1016
2.25855
2.14195
1.93828
1.68451
2.3726
1.13665
1.98826
2.26738
2.03327
2.32659
1.84711
2.52548
1.68635
1.70702
1.79976
2.34109
2.24878
2.53385
2.26262
1.28468
2.17937
1.91898
2.22977
2.37052
2.03355
1.62059
2.21158
1.73756
2.19209
2.10766
2.20776
2.30029
1.63065
1.34966
2.49029
1.84346
2.05312
2.207
1.80238
2.05133
2.12594
2.06981
1.9869
2.39991
0.758935
2.56255
2.17491
2.20557
1.98913
1.97962
2.10072
2.06193
2.23231
1.75534
2.17052
2.31293
1.40507
2.17695
2.54811
1.81741
2.08377
2.01061
2.12625
1.95519
1.95892
2.20832
1.69303
2.23244
2.62687
2.22522
1.96833
2.36467
2.32294
2.32265
2.32147
2.38509
2.50753
1.96884
1.74626
2.255
1.20674
2.22478
1.39462
2.34848
1.71777
2.07415
2.13927
1.89052
1.8542
0.988862
1.80097
1.63948
1.94825
1.64736
2.05024
2.34049
1.93404
1.78157
1.76105
2.01871
1.12197
2.58515
1.87593
2.17097
1.96908
2.27851
1.95523
0.76247
2.43601
1.91954
1.89717
2.20422
2.55506
1.66211
1.88365
2.50008
1.75005
2.29798
2.3178
2.04511
2.39698
2.03121
2.15947
2.39386
2.20643
1.57274
2.08544
1.50322
0.965429
2.39035
2.05901
2.14354
1.9417
2.45747
2.26004
2.10494
1.93786
2.00714
2.26299
2.13818
2.20927
2.30238
1.80842
2.40186
2.16038
2.18207
2.09288
1.66553
2.48812
2.20536
2.70838
1.73112
1.63932
2.07747
2.22389
2.30943
1.47613
2.1894
1.37392
2.48343
1.63299
2.22971
2.46319
2.61742
1.76636
2.27866
1.92061
1.87912
1.34524
1.66182
2.69428
1.9881
2.04399
2.08814
2.48569
1.74843
2.48846
1.40583
2.25213
2.18895
1.83808
1.6813
1.78469
2.2538
2.34552
2.30661
1.69571
1.34083
2.05193
2.64632
2.61129
2.3111
1.78258
2.13193
2.3868
2.5129
2.30111
2.12111
2.11969
2.38341
2.10622
1.64583
1.61518
2.00644
1.68738
2.30203
2.45388
2.52083
1.88183
1.64065
2.3581
2.01961
1.85836
2.7798
2.1405
2.40918
2.32552
1.63391
2.29016
2.2428
2.22021
2.46838
1.94504
2.11852
1.94262
2.00035
0.741819
1.28196
1.98269
1.76097
1.28963
2.16958
1.62565
1.14549
1.41609
2.1979
1.9705
1.96547
2.20604
1.95298
1.03083
2.11233
2.01846
2.12293
1.89294
2.56611
1.49032
2.09202
2.3808
2.10182
1.34707
2.3368
2.09129
1.898
2.75326
1.73087
1.51136
2.25796
2.34309
2.27135
1.97723
1.93309
2.23812
2.53904
2.3657
1.57774
1.48061
2.42824
2.0867
2.22453
2.57392
1.33739
1.81823
1.39915
1.94567
2.32178
0.91819
1.69133
1.3832
2.55855
1.29018
1.17144
1.22438
2.40166
1.70808
2.05268
2.10515
2.16275
2.12865
2.08688
2.28851
2.55286
1.41323
1.97208
2.27839
2.37936
2.22234
2.26516
2.24926
2.0136
1.8811
1.87242
2.15931
1.84039
2.03584
2.02821
1.14007
1.52287
1.58953
2.05013
2.14439
2.50239
1.7693
2.55749
1.60665
2.28985
1.96759
2.34087
2.01059
1.72612
1.18745
2.19476
1.88673
2.34632
2.14191
2.18032
2.40866
1.94696
2.15635
2.30196
2.47824
2.19156
2.34935
0.778382
2.18856
1.87237
2.2686
2.30065
2.19339
2.11748
2.48064
2.16328
1.67009
2.53958
2.38695
2.41671
2.19903
1.88987
2.56504
1.9801
1.43861
1.48047
2.26581
1.84993
2.00939
2.12258
2.09963
1.67638
2.48003
2.30918
2.35054
2.33583
2.04817
2.27777
2.00791
2.51861
1.51661
1.95826
2.13033
1.58191
2.2712
1.93052
2.25121
1.89529
1.66917
1.94854
1.60806
2.64526
1.77841
1.43187
-0.194404
2.24285
2.3633
2.1396
1.30989
2.31176
2.16799
2.18337
2.11112
2.34287
2.3182
1.58736
2.0839
1.9376
1.9691
1.48639
2.22905
2.18125
1.89465
1.5425
2.06474
2.11109
1.59921
1.91029
1.60495
2.08393
1.84275
2.55294
1.62333
1.25262
2.19524
1.82683
1.98965
2.16904
2.00576
2.00462
2.10009
2.1449
2.06395
1.64713
0.582426
2.06441
1.72497
1.76662
2.40887
2.15308
2.06774
2.26867
2.15372
1.32007
1.15986
1.32725
2.10954
2.19485
1.47969
1.79222
1.60157
1.85553
0.987902
2.19205
2.00611
2.26947
1.74761
1.22936
2.19117
2.23765
2.48808
2.32051
2.10239
2.19079
0.316212
1.99249
1.71723
2.45254
2.12018
2.25829
1.47565
1.82511
2.45343
2.35222
1.54553
1.09355
2.01545
2.12303
2.35672
2.41748
2.2709
2.00084
1.91152
2.57014
1.85858
1.79849
2.45778
1.94825
2.50515
0.650225
2.29537
2.18952
1.86679
2.47138
2.3325
2.05907
2.4495
1.7805
1.80696
1.66527
2.22768
1.95704
2.32037
2.30219
1.85203
1.96265
2.29089
1.84159
2.01022
1.87175
1.31398
2.41173
2.34582
1.61525
2.32598
2.03455
2.66316
1.97038
2.26173
2.23373
2.50532
2.20567
2.28188
1.85862
2.43066
2.06712
1.62512
2.31197
1.46698
0.775596
2.30593
2.56695
1.68229
2.25819
2.3954
2.18349
1.42845
0.892668
2.15401
2.14872
1.88093
2.14571
2.02196
2.0423
1.71968
1.66153
2.50336
2.24798
2.05501
2.19165
0.665652
1.76889
2.25983
2.16259
1.29837
1.33985
1.93499
2.24056
1.95685
2.52189
2.66458
1.62858
1.68945
2.15989
2.48141
2.14325
1.85354
1.79106
2.5234
1.79288
2.08217
1.12383
2.29058
1.6047
1.51453
1.79466
1.63933
2.32717
2.51431
2.08889
2.12549
2.23971
1.76024
1.62216
1.90945
1.73996
1.17743
1.49397
1.63598
2.01139
2.52619
1.9583
1.61328
1.88857
2.33636
2.32146
2.61151
1.7801
2.15852
1.34467
2.03623
2.31624
2.19517
2.41849
2.10316
2.23081
1.6701
1.95184
2.16919
1.43885
2.28788
1.58626
2.01886
2.46602
2.67826
2.21072
1.92686
2.05428
1.43336
2.3869
1.8838
2.02735
2.30859
2.18477
2.27507
2.20763
1.96168
1.68764
2.04875
2.30522
1.94712
2.39667
2.27398
2.33869
1.992
1.12704
2.16303
2.23166
2.48808
2.44175
0.76321
1.86216
0.352355
2.19349
2.02099
1.73613
2.18468
2.18532
2.49114
1.59807
1.94338
1.56885
1.63376
2.57924
1.87902
1.98075
1.86602
2.13218
1.59525
1.83426
1.55991
1.93423
2.12432
2.34323
2.4496
1.85432
1.472
2.28615
1.88461
1.54526
1.43278
2.41752
1.6158
0.804438
1.82804
2.18565
2.31189
1.89596
1.80295
2.16015
2.2242
2.00675
0.978257
1.99005
2.27099
2.32184
2.03529
2.28647
1.45269
2.20631
2.21481
1.52222
1.50464
2.14972
1.40231
2.28281
2.22022
1.96906
2.54478
2.04513
1.66658
1.67567
2.08084
2.09994
2.02795
1.02289
1.63172
1.88305
2.3531
1.34993
1.39031
1.99823
1.9991
1.73842
2.53067
1.69892
1.32247
2.66984
2.18988
1.99119
1.47624
1.70253
2.05994
2.28781
1.78168
2.34748
2.23629
2.46708
2.01763
2.35887
1.07755
2.35532
2.20265
2.02277
2.6188
1.80063
1.97015
2.05373
2.12391
1.2456
2.46648
1.76976
2.40035
1.78957
2.24173
2.5053
2.37538
2.1145
2.04231
2.49035
1.93012
2.15649
1.80415
2.46527
1.55492
1.80473
1.6066
1.98225
1.32892
1.96145
2.06077
2.51632
2.35282
1.96359
2.44521
2.1045
1.08776
2.38616
2.11986
1.86842
1.82175
2.13092
1.30818
2.25885
2.08112
2.60886
2.44072
2.05015
1.72025
2.36735
1.84441
1.7121
1.84253
2.10717
2.26105
2.00649
1.30165
1.84162
2.34219
0.186959
1.75681
1.5992
2.1805
2.49761
2.28207
2.05672
2.05295
2.36151
2.52468
1.54261
2.42551
1.54247
2.11169
1.41697
2.24631
2.29018
1.96989
2.17191
2.19348
2.10055
1.56203
1.60441
2.38187
1.71065
1.30403
1.17728
1.39714
2.49578
2.25892
1.95882
2.14992
1.90881
2.16764
1.82657
1.82954
2.41887
2.08551
1.43386
1.66664
2.3817
2.08377
1.54927
1.7856
1.67218
1.79996
1.89278
2.10096
1.79959
1.4633
2.58404
2.25858
2.135
2.64362
2.11835
1.61776
2.11676
2.49322
1.73358
2.01348
1.89831
2.21736
2.54118
2.13917
2.39595
2.03292
2.09858
2.04165
1.94793
2.4383
2.43619
0.908523
1.09813
2.69366
2.30499
1.42823
2.56998
1.91944
1.71457
2.18678
1.84104
2.49009
1.39691
1.92605
2.26493
2.39081
1.96776
2.12032
2.2106
2.57097
2.06965
1.85699
2.13198
1.99446
2.13979
2.05886
2.58921
2.01672
2.51853
1.93254
2.24512
1.58584
1.87737
1.99875
1.12416
2.49526
2.09127
1.94247
1.60413
1.87844
2.0006
2.40545
2.15845
2.12573
2.15888
1.91551
2.27232
2.11602
2.39209
2.32716
1.41617
2.58097
1.92121
1.7418
2.4277
0.949746
2.72363
2.23282
2.29049
1.46748
1.20568
1.36103
2.08299
1.8657
2.28116
1.91715
2.00967
1.81748
0.858511
1.98705
1.85703
2.33891
2.07595
1.99309
2.17814
2.42582
2.553
1.42971
1.04648
2.56538
2.21802
2.17046
2.01845
2.08251
2.51704
2.00804
2.3947
2.53523
2.37483
1.53941
2.38368
1.76865
1.77477
1.88729
1.81157
2.07905
2.30508
1.88654
2.10716
1.92889
1.71116
2.21793
2.02166
1.97258
2.32925
1.53026
1.87667
1.93077
2.27062
2.39722
0.769024
2.13747
1.41417
1.69778
-0.106493
2.43895
1.8298
2.15808
1.49122
2.37492
2.28082
1.87196
2.51171
0.816807
2.12243
1.71857
2.17625
1.952
2.59666
2.12363
1.58046
2.58112
1.78949
1.65665
1.98724
1.97952
1.62447
2.1372
2.31377
1.86133
1.70161
1.93978
2.12767
2.03676
2.1333
1.62795
1.23448
2.05886
1.60118
2.25262
2.6411
2.5351
2.31384
1.80438
1.75893
1.58896
1.93674
2.04042
1.70611
2.34332
1.69986
2.14831
2.47328
2.05005
2.08695
2.53383
2.35255
2.4175
0.845498
1.88781
1.98554
2.11087
2.25809
2.21081
2.05353
1.80097
1.78919
1.7164
1.0781
2.12553
1.94524
2.44725
1.852
2.39086
2.07213
2.21862
1.61932
1.46228
1.48215
2.06691
1.39181
2.2334
2.03358
2.28062
2.03408
1.63314
2.34647
2.22207
1.84219
2.08682
2.17575
1.89293
1.62754
1.66506
1.48123
2.16665
2.4164
1.98887
1.8506
1.26726
2.13563
1.81006
2.57218
2.12137
1.87218
1.73533
1.68438
2.18811
1.75087
1.29684
2.2947
1.93372
1.50651
1.84601
2.23796
2.06821
2.25818
1.76223
1.10381
2.08373
0.665281
2.22662
2.19421
2.32824
1.79075
2.42832
2.09187
2.32431
2.0882
2.50074
2.03788
2.21319
1.91382
2.14681
2.23878
2.17606
2.12293
1.88159
1.34252
1.73023
2.08995
2.20674
1.78162
2.24731
1.69732
2.04612
2.29033
1.61387
1.52868
1.34168
1.65725
2.2134
1.49996
2.13553
2.27733
2.17302
1.81766
2.43815
2.18343
2.30968
1.23608
2.29265
2.15621
2.45269
2.27197
1.34894
2.26785
1.668
2.45024
2.09902
1.32706
2.43203
2.10085
1.00297
1.87221
2.3427
1.85733
2.38662
1.29702
1.57325
2.25776
2.18916
1.91414
2.08619
2.2981
0.0101467
1.91131
2.31862
1.62126
2.30925
2.07638
1.57157
2.16697
1.84658
2.58823
2.24005
1.93465
1.4668
1.87258
1.9617
1.5247
2.65161
2.02711
2.32037
2.27406
2.30687
2.03577
2.11738
1.79025
1.99377
1.52947
2.33404
1.718
2.49088
2.30513
2.58871
1.47229
2.07013
2.65947
2.4855
1.73738
2.01311
2.06068
1.92903
1.68231
1.92163
1.76712
1.6263
1.96376
1.53874
2.2383
2.43619
1.09488
1.8547
2.6931
1.81614
1.75119
1.81875
2.34568
2.1481
2.28247
2.03325
2.49397
1.00372
1.82465
2.37724
2.57941
1.44133
1.81918
2.41344
1.76854
1.63495
1.8865
2.33543
2.1682
1.94612
1.33504
2.58543
2.20935
1.22295
1.93458
2.11995
1.37564
2.14464
0.935176
2.32602
2.02951
2.02251
2.36746
2.27187
0.923761
2.23014
2.16269
2.00532
2.07342
2.02224
2.47064
2.07783
2.03334
2.19781
1.65059
2.15237
2.71715
2.35659
1.96306
2.30912
2.34146
2.13864
1.79595
2.56948
2.10542
2.3463
1.95327
2.17508
2.45349
2.33838
2.33107
2.08803
2.49114
1.84764
2.31954
1.70067
2.09764
2.27651
2.05512
2.17637
2.13216
2.22293
1.69393
1.80432
1.93653
2.06362
2.67715
2.09084
2.46492
2.13822
1.11446
2.07844
1.25035
2.20012
2.43199
1.27987
2.24884
2.07734
2.5067
2.29858
2.12378
1.21403
2.16787
2.0083
1.53464
2.2342
2.39832
2.31478
1.69527
2.02254
2.50041
2.04366
2.1797
2.16451
2.59551
2.45939
1.81874
2.10358
2.37744
2.56267
2.10917
2.75321
2.2485
2.28204
2.22489
1.57972
2.2472
2.06656
1.57473
1.99868
1.95237
1.5382
2.43931
2.25679
2.2404
1.38537
2.10977
1.88003
2.10281
1.63588
1.5179
2.41622
2.21244
2.28449
0.252568
1.53661
2.63136
2.30974
2.3069
2.65349
2.03116
2.14492
2.11443
2.08535
1.97344
2.09322
1.82724
2.0482
2.29886
1.9792
2.42239
1.6482
2.55699
2.40566
2.17282
0.939853
2.04681
2.20745
1.29614
1.77952
1.87345
1.79678
1.99154
1.96108
1.96049
1.91701
2.23112
2.55179
2.16342
1.70552
1.76315
1.82576
2.45279
2.17809
1.38065
0.760185
2.41542
0.715587
2.25248
1.49966
2.10933
0.870384
1.86578
2.32873
1.62737
2.13192
2.61191
2.39592
1.57331
1.44491
2.30722
2.3325
2.3181
2.30963
2.2229
2.18032
2.35974
1.57798
2.34917
2.00143
2.2431
1.4444
2.35252
2.43823
2.01004
1.663
2.33725
2.28829
2.44765
1.6564
2.10611
1.74338
2.46939
2.11624
2.4012
1.61911
2.5308
2.62032
1.98565
2.07585
2.37015
1.56896
1.82831
2.06623
1.94912
2.22414
1.93085
2.33216
2.06432
2.40035
2.24325
2.0332
1.89297
1.58024
1.75006
2.14155
2.11824
0.989939
1.90178
2.34996
1.61423
2.3636
2.26333
1.95202
2.37677
2.27007
1.84188
2.40972
2.32532
1.87277
2.19495
1.3133
1.22017
1.85574
2.33276
0.856884
2.51564
1.63076
2.53927
2.39653
2.15981
2.37826
1.80131
1.35751
2.49484
1.66945
1.84542
2.32433
2.29319
2.5033
2.1441
2.00724
2.0316
2.24994
2.32934
2.20663
2.17731
2.18539
2.07292
2.16303
1.88876
1.89372
2.23791
2.25497
1.90964
0.142651
2.19649
2.37263
2.3892
2.49007
2.47875
1.79149
2.32412
1.90839
2.35582
2.47431
2.00466
2.09003
2.01414
1.66122
2.45103
2.34789
2.14855
2.06771
0.407372
2.28472
2.08052
1.43644
1.83937
2.191
1.78904
2.01989
2.02775
2.30617
2.55197
1.52312
2.30859
1.88528
2.04751
2.34622
1.69893
0.688433
1.13311
1.77353
2.4004
2.21153
2.00492
2.19721
2.30101
1.7511
1.89164
2.08559
2.40637
2.06241
2.06004
1.80657
2.28987
2.0549
1.83581
2.28143
2.26662
1.42345
1.77197
1.72726
2.686
2.32105
2.19948
2.26176
2.12199
2.25633
2.34069
2.15202
1.91563
1.1472
2.17318
1.75227
2.34031
2.17221
1.56515
1.9842
2.2899
2.20742
1.59074
1.73324
2.19322
2.41191
1.65676
2.10841
2.09533
1.72091
2.09946
1.14593
1.65746
1.52431
2.32124
1.58267
1.852
2.27128
2.24971
1.70655
2.17147
1.93971
2.02274
2.44826
2.33041
1.67188
2.22238
2.2931
2.13592
1.70823
1.68191
2.09154
1.52868
2.16083
2.42821
1.86209
2.11756
1.5311
2.25459
1.96936
2.09547
2.30778
2.32605
2.29189
2.44256
2.47524
1.81349
2.04499
2.36354
2.28165
2.20638
2.46053
1.63986
1.18872
2.35138
2.1294
1.85184
2.24323
2.0827
2.26702
2.15612
2.29158
1.96573
1.68675
1.71707
2.14917
1.93768
2.31336
1.55137
2.00745
2.29454
2.17434
1.86016
1.59936
1.29157
2.50137
1.75041
2.0813
1.74862
2.27682
2.29032
2.21809
1.6163
2.25476
1.69543
2.40268
2.23491
2.17155
2.55435
2.28999
1.93137
1.72532
2.10155
1.94691
2.42793
2.39201
1.44858
2.0366
0.160335
2.40441
2.10112
1.89079
2.26414
1.75324
1.74974
2.20543
2.06359
2.60453
2.15884
2.11588
1.75702
2.55429
1.77444
1.86753
1.31136
2.52062
2.0528
1.82624
2.46419
2.46541
1.88624
2.06121
1.43083
2.2691
2.28451
2.38155
1.98944
1.83519
1.53225
1.97976
2.41808
1.60394
1.68024
2.14155
2.13727
2.44941
1.94059
1.94039
1.80462
2.21642
2.14644
2.27959
2.41958
2.32406
2.26158
2.072
2.03161
2.34831
1.37896
2.1065
2.23301
2.25124
2.45853
2.02942
2.05944
2.34875
1.84123
2.45294
1.49021
2.5152
2.16368
2.23346
1.85906
1.63432
1.48858
2.48062
1.69795
2.41202
2.08744
2.00622
1.36813
1.67687
1.96085
2.43254
2.31323
1.58201
2.11985
1.96569
1.96108
2.24452
2.21716
2.35714
2.33686
2.14678
1.88877
1.78306
2.01285
2.51991
2.27907
2.1054
1.33858
1.64371
2.5199
1.84454
2.29894
2.4014
1.78948
1.85655
2.20672
2.45
0.853481
2.39806
2.16304
2.40669
1.97464
1.85114
1.68078
2.37828
1.97378
1.59739
2.48753
1.99905
2.05304
1.96898
1.683
1.53056
1.80068
2.47625
1.96608
2.02393
0.955526
1.39201
2.12604
2.05056
1.94913
2.39154
2.60554
2.36106
2.22186
0.859236
1.50398
1.87529
2.21583
1.83517
2.35335
2.41099
2.40602
-0.0917799
1.94364
1.6407
2.20719
1.66581
2.41114
2.32333
1.89469
1.97388
2.03298
2.37805
1.84644
1.92929
2.14675
2.00476
1.37336
1.64953
1.83862
1.26581
2.14504
2.19283
2.06654
2.32093
1.95695
1.3947
2.37592
2.42221
2.34211
2.07457
2.22813
2.08219
1.63961
2.16153
1.73076
2.20881
1.96614
2.20169
2.49282
2.41305
1.69301
1.92298
2.32157
2.27269
2.14143
2.07687
2.49933
2.31367
2.08695
2.08149
1.5379
2.45975
2.3043
2.06013
1.69279
1.69549
2.04249
2.02625
2.11392
2.51347
2.09863
2.12911
1.99203
1.59377
1.8215
1.72229
2.13758
2.26651
2.21603
2.47923
0.77128
1.11932
1.95183
2.12238
2.35737
2.47276
2.26039
1.83341
2.54276
1.936
2.10837
2.34696
1.62436
2.18547
2.52994
2.12775
1.34306
1.50468
1.99452
2.03912
1.76835
1.78258
1.37497
1.33035
2.40672
1.73369
1.93024
2.62533
1.57432
1.94472
1.72754
2.23221
2.21631
2.067
0.5187
1.90868
2.34377
2.21328
1.42954
2.41997
2.22289
1.63675
2.654
2.43098
1.42549
1.92647
1.60652
2.32632
1.64934
2.63305
2.13916
1.99704
1.80362
1.58231
2.08033
1.96646
1.00338
2.44122
2.28877
1.18189
2.26136
2.18127
2.18311
2.32004
2.08736
1.60124
1.12678
2.57802
2.00573
2.27321
2.16681
2.33051
2.2019
2.61175
1.5371
1.10171
2.23745
2.1099
2.33905
2.59036
2.3579
2.27295
2.3935
1.78907
2.41621
1.87224
2.31743
2.30921
2.18511
2.39676
2.03633
0.968655
2.31406
1.98004
1.91125
1.86134
1.89508
1.94793
1.74848
1.74807
1.65332
2.40213
1.92808
2.13756
2.00418
2.32596
2.43344
2.28336
1.76575
2.41772
1.49075
1.95627
1.89944
2.42226
2.10659
-0.285941
2.39273
1.24622
1.78959
1.87703
1.85888
2.12861
1.99367
1.50203
0.72265
2.08405
2.4753
1.08551
2.02488
1.78779
2.43596
2.19468
1.99366
1.27325
1.51605
2.41802
1.74715
2.1932
2.49715
2.50963
2.07594
2.07042
2.27533
2.05293
2.09817
2.67951
1.28691
1.77329
1.56669
2.11701
2.61106
2.26507
2.38488
2.26507
1.41223
2.14224
2.49329
2.61813
2.33222
1.96589
2.21294
2.08099
1.95575
1.87688
2.2793
1.92581
2.44269
1.80985
2.17648
2.00515
2.40992
2.33729
1.73082
1.83937
2.00757
2.10699
2.10809
1.86066
2.44879
1.12652
1.11732
1.39885
2.00902
1.78959
1.44147
1.28999
2.05359
1.96679
2.39174
1.49732
2.07549
2.40012
1.83186
1.78193
2.4391
1.44151
2.26191
2.03933
2.05104
1.83193
2.14142
2.30826
1.36413
2.09852
2.11073
0.950277
1.83284
1.82477
2.11325
1.92405
2.05463
1.6454
2.05935
1.74613
2.13133
0.806076
-0.341977
2.40303
2.08802
2.30002
1.63635
2.14372
1.77223
2.57677
2.29075
2.06601
2.20215
1.92325
2.11225
2.2589
2.44689
2.2096
1.39672
2.30808
2.05908
2.42898
2.40442
2.22735
1.75581
2.11991
1.90005
1.66176
1.88868
1.59925
2.23894
2.41238
2.44351
2.13353
1.31533
1.31728
1.72133
2.38964
1.62711
2.1418
2.52037
0.785113
1.20152
1.71159
2.51335
1.84376
2.11156
1.85365
1.37211
1.70367
1.94476
1.94392
2.46833
1.75047
2.28026
1.85106
2.38354
2.27045
1.5109
2.26245
1.77489
1.70643
1.99221
2.45885
2.21144
1.59065
1.85941
1.99452
2.51276
2.51365
1.59653
2.11282
1.23135
2.34938
2.41927
2.05256
1.79679
1.83842
2.40461
2.40063
2.07811
2.25733
1.92372
2.31226
1.96011
2.03012
2.30962
2.16264
1.92865
2.57435
1.97127
2.33558
2.29661
1.64413
2.12593
1.22409
2.33424
2.06826
2.11397
2.33658
1.4589
1.99472
1.79434
1.73493
2.46717
2.37051
2.51038
2.47537
2.33069
1.70644
2.05609
2.37004
2.22545
1.69886
2.50941
1.98694
2.18284
2.29844
2.28514
2.05025
2.27051
2.23315
2.40288
2.37348
2.14524
1.93421
1.70157
0.925765
1.95585
2.16588
1.69835
2.21743
2.04651
1.83343
1.58164
1.65352
2.36111
2.07754
2.00718
1.48
2.3829
2.56493
2.07539
1.8698
1.96632
1.39549
2.03534
2.03361
1.68579
1.86963
2.21076
2.51236
1.67446
1.43615
2.6348
2.32698
2.05524
1.85036
2.05358
1.56103
2.26363
2.004
1.63533
2.23145
2.43784
0.413935
2.17699
1.90663
1.60518
2.26343
1.82208
1.84505
1.87991
1.22939
2.72963
2.51261
2.3594
1.93758
1.60071
2.58651
1.96457
2.10256
2.06959
2.03362
1.89231
2.47793
2.57249
2.07863
2.64256
0.677728
2.00925
1.62981
1.85724
1.60597
2.37037
2.2987
2.40164
2.09819
2.38499
2.28591
1.81266
2.61324
1.67649
1.59792
2.41013
2.26009
2.37581
1.49862
2.12371
2.05104
1.9102
1.79719
2.27642
1.2303
1.55557
1.59459
1.99651
1.94814
2.10189
2.23352
2.17025
2.6414
2.0922
0.786205
2.37579
2.47019
2.01554
2.0864
2.15597
2.59455
2.3784
2.44269
2.19377
2.28214
2.00156
2.14591
1.56803
2.3204
2.30871
1.73442
1.6719
2.29499
1.96074
2.36808
1.76664
1.65973
1.78351
2.46664
2.06239
2.14576
2.37114
2.1148
2.18482
2.37246
1.74711
2.02312
1.70396
2.15328
2.24294
2.06293
2.09127
1.96795
1.36303
2.33907
1.93235
2.08917
2.18009
2.10957
2.54547
1.95004
1.65531
2.39352
2.38126
2.3462
1.88133
1.19239
2.07411
1.57439
1.92399
2.45287
1.72571
2.01432
0.7731
2.3256
2.03812
2.54656
2.06586
2.41404
2.08774
1.8775
2.36337
1.98076
2.21095
2.49336
1.84964
2.24305
2.19026
2.33429
1.26827
2.20587
1.8042
2.21292
1.21037
2.02262
2.25802
2.60231
1.61048
2.45385
2.58113
2.29275
1.71703
2.55748
2.30844
2.01884
1.6421
2.19088
1.22127
2.4913
2.49211
2.44043
1.98191
1.74709
1.54928
1.69593
1.96006
2.26069
1.25516
1.2526
1.64178
1.93144
1.85073
2.20927
2.28817
2.32083
1.77161
2.28609
2.10269
2.16946
2.42849
2.19842
2.18709
2.49088
1.34922
2.13296
1.66781
2.31918
2.0873
2.15318
1.98887
1.7675
1.97585
1.59366
1.8608
2.43935
2.22615
2.3106
2.31575
2.53497
1.32607
2.0437
1.96999
1.6412
2.00049
2.10462
2.07988
1.6992
2.42648
2.03858
2.66958
1.70219
1.52067
1.29781
2.42435
2.25113
2.25961
2.24186
1.90382
2.34643
1.95832
2.14113
2.05852
2.1908
2.21655
2.05877
1.74262
2.54531
2.19499
2.42317
2.23542
2.24855
2.2735
1.41009
2.13553
1.27439
2.02885
2.26596
1.89179
1.87274
2.26409
2.02866
2.02256
2.40209
1.62768
2.14852
2.26214
1.83112
1.87552
1.76165
2.31983
1.97428
2.70982
2.19437
2.09548
2.22625
2.51337
2.41177
2.17804
1.82751
1.58426
2.18367
1.92768
2.10315
2.35986
1.92907
1.77414
1.70535
2.18027
2.41317
1.90818
2.43586
1.91154
2.61309
1.88513
1.40172
2.13029
2.50291
1.96516
1.05295
2.03384
1.39604
2.07267
2.29158
2.50048
1.34922
2.39821
2.32938
2.17949
1.98779
1.49252
2.25535
1.91904
2.60238
2.28341
1.75366
2.2118
1.77677
1.51567
2.1996
1.8188
2.17345
2.10596
2.52323
1.4525
1.90334
2.32284
2.31993
2.17211
1.00873
1.82699
1.57702
2.18231
2.16877
1.57804
2.06588
2.54928
1.82291
1.22095
1.93959
2.05944
1.88493
2.37776
2.08251
2.07213
2.52596
1.95592
2.3034
1.58684
2.44336
1.66682
1.46743
1.88475
1.63842
1.89846
1.76117
1.50482
2.20994
1.25153
1.02564
2.46168
1.66693
2.00846
1.85109
1.7573
2.41098
0.751586
1.91429
2.04406
2.07291
2.29517
2.37231
1.6345
1.55663
2.41381
1.38447
2.11079
1.82466
2.2717
1.90966
2.00155
1.69107
2.53098
1.4644
1.69368
2.0046
2.13124
2.19581
1.24525
2.04407
1.96612
1.14659
2.05408
2.05153
1.86879
1.48609
1.63691
1.33305
1.78311
2.07584
1.90685
2.12494
1.78812
2.137
2.189
2.55718
1.86826
2.25597
2.22406
2.17267
2.18298
2.40089
1.92261
2.53622
2.50426
1.95408
2.13627
2.24701
2.00653
0.820477
2.4492
2.44459
2.23867
1.67916
2.13031
2.33035
1.97005
2.24337
2.27192
2.06279
2.2368
1.9497
2.19152
1.65837
2.02338
2.23435
2.43108
1.74956
2.36382
1.88331
2.5019
2.00755
1.75531
2.22338
2.4482
1.74634
2.3263
1.96267
1.24308
1.17504
1.47542
2.44023
2.33013
2.40357
2.32307
2.0261
1.71631
1.98086
2.12191
1.56153
1.61358
1.8168
2.4635
2.3301
1.97924
2.28639
2.35436
2.3021
1.74492
1.09596
2.27609
2.54979
2.07023
1.81545
2.07064
1.77308
1.84098
2.64865
2.07866
1.17514
2.02228
2.15132
2.01931
1.73749
2.28589
2.27177
2.34835
2.0239
2.10577
1.83337
2.05139
2.31882
2.41186
1.71654
2.2884
1.57858
1.60101
2.14972
2.21499
1.62356
2.01826
2.22086
2.44767
1.56653
2.08609
2.20888
2.31466
2.33007
1.81199
2.25427
2.16387
2.28678
1.97084
2.37474
1.64134
1.89043
1.66776
2.09368
1.95316
1.61624
2.13161
2.23605
2.05721
2.40785
2.19668
2.37374
0.221206
2.51182
2.21188
2.36848
2.05521
2.7254
1.54282
2.11404
2.26153
2.08803
2.25228
2.04134
1.91225
2.53612
2.313
2.1782
2.1126
2.34122
1.85985
2.41593
2.41381
1.77874
1.90237
2.14574
1.56426
2.14262
2.05153
2.04821
1.53566
2.11838
2.09812
2.07685
1.79147
2.01715
2.43216
1.64574
2.28604
2.05547
1.67823
2.2044
2.40158
1.87485
2.18061
1.7735
2.1881
2.00222
2.14204
2.27683
2.42976
2.46374
1.72838
1.79393
1.43022
1.8748
2.11203
2.29761
2.25327
2.14927
2.34315
1.64289
2.18767
1.95098
2.00718
2.29381
2.23266
1.9349
1.82377
2.06332
2.55313
2.10971
2.19368
2.10916
1.58365
1.5389
2.01584
1.88617
2.31408
2.33195
2.54706
1.28267
2.24207
2.07964
2.01145
2.28507
1.7432
1.73198
1.72836
2.15648
2.27708
1.24291
2.45446
2.45065
2.27697
1.9433
2.24882
2.32811
2.04881
2.10337
2.46062
2.32125
2.49403
2.46059
2.25348
1.56453
2.26379
1.88692
1.95695
2.40557
1.03856
1.82221
1.74485
1.66811
2.20467
2.09312
0.961739
2.03527
1.91826
1.91227
1.2344
2.44137
1.75015
2.70658
2.27364
1.88282
1.64834
1.1033
0.999829
2.1874
1.50443
2.04861
2.01373
2.12916
2.1921
1.61207
1.76743
2.06766
1.33631
2.06289
1.85195
2.24899
1.76777
2.37373
2.31935
2.00328
2.29218
1.95354
1.1992
2.27593
2.44163
2.22818
1.98323
2.25561
2.40167
1.3663
1.40109
2.12776
1.61765
2.34035
1.74486
2.35043
1.96317
2.32875
1.94006
2.04231
1.24017
2.55061
1.51151
2.28869
2.31701
2.22636
1.92778
1.82439
2.22414
1.05575
2.03706
1.99485
2.32031
1.97384
0.976661
1.74624
1.70887
1.78011
1.82435
2.18416
2.50642
2.0922
1.79794
2.35124
2.29447
2.37214
1.31371
2.28003
1.68774
1.31544
2.05203
2.31007
1.7784
1.17122
2.2108
1.58228
1.05653
1.77501
2.2781
2.53335
1.52977
1.68199
1.93211
1.92123
2.52338
2.05929
2.44251
2.45563
1.94992
1.69131
2.2934
1.71176
1.97933
2.10847
2.11595
1.5663
2.41141
2.49972
1.52322
2.32457
1.99996
2.41379
1.90082
2.24295
2.3435
2.26788
1.67323
1.78597
1.89496
2.03944
1.94135
2.68412
2.1134
0.331795
2.2827
2.47235
1.61555
2.38128
1.98689
2.33188
0.985759
2.29635
2.15566
2.47011
2.36885
1.38703
1.82014
2.1359
1.71882
2.13855
1.9084
2.18223
1.40769
2.46563
2.02211
2.02887
1.44868
2.22491
2.47314
2.48225
1.92179
1.34595
1.94319
2.08435
2.03034
2.44972
2.18397
1.34001
1.34228
1.87427
1.92087
2.39257
2.28607
1.42496
2.21775
2.28498
2.02792
2.21186
2.12469
1.51252
1.58652
1.95135
1.84044
0.885151
2.23477
1.5585
1.79478
2.28342
1.81635
0.691109
1.50927
1.98663
1.64595
2.02144
1.57546
1.7992
2.18363
1.883
1.99692
1.5823
2.34562
2.2034
2.17324
2.35021
2.35203
2.13387
2.24791
1.34097
2.09514
1.9042
2.3762
2.0407
1.43217
2.19
2.23627
1.5255
2.25656
1.94717
2.33144
1.9415
2.38814
2.30776
1.75622
1.5273
1.91763
1.66628
1.77344
2.45507
2.24986
1.98939
2.22138
2.342
2.23314
1.33653
2.33785
2.38329
2.03635
1.74796
2.47057
2.50329
2.364
2.15889
1.9025
2.05245
2.24333
1.82775
1.96838
1.90852
1.98026
2.32629
1.65374
1.63256
1.07278
2.44812
1.85325
1.95011
1.70328
2.56121
1.7917
2.61859
2.25766
1.92228
1.1537
2.0465
2.29425
2.11963
1.73268
2.66929
1.78605
2.24358
1.77808
1.31842
2.13462
1.83053
1.9248
1.82733
2.28167
1.35308
2.34874
2.02324
2.39513
1.62285
2.13245
1.50809
2.10976
2.38735
1.49196
1.85494
1.99873
2.18089
2.29915
2.11913
1.99173
2.3013
1.69008
1.9946
1.40626
2.2725
2.24232
2.03486
2.21698
1.72425
1.80832
0.764795
2.31482
2.46283
2.43255
1.9752
2.16552
2.15952
1.72962
2.31459
2.49565
1.0792
2.71739
1.31319
2.30225
2.32084
2.06517
2.29738
1.57414
2.16811
2.3241
1.04873
2.34298
1.05415
2.08449
2.11866
1.95775
2.5341
2.20978
2.13673
2.15728
2.25082
2.01686
2.61132
2.16631
1.84655
2.62087
2.00181
1.72595
2.18019
1.88275
2.19031
1.86733
1.90651
2.47402
1.9725
2.34609
2.33263
2.24488
2.33862
2.40462
1.76945
1.78418
2.46482
2.54186
0.928406
1.90948
1.95677
2.32837
2.25068
2.27787
2.58208
1.57115
2.37951
2.44504
1.2931
1.88905
2.4844
2.19636
0.193252
2.15734
2.59323
1.06946
2.06566
1.59241
1.34099
1.80503
1.81282
1.57102
1.60007
1.94967
2.54727
2.0133
2.27477
1.86068
2.10584
1.66579
1.21008
1.8253
1.55284
2.37593
1.59802
1.50556
2.05713
1.95652
2.1157
2.1338
2.2378
2.17838
1.81675
2.23247
2.55028
2.39276
2.23455
1.3172
1.91761
1.76011
1.96118
2.77632
1.29477
1.65491
2.48018
1.19698
2.3191
2.45944
2.08599
2.21321
2.01235
2.20022
2.35528
0.962778
2.13469
1.59135
1.87083
2.04679
2.1591
1.7733
2.27498
2.07473
2.49122
1.79066
1.79941
1.76131
0.741645
2.06923
2.40679
2.20349
2.13398
2.14425
2.04518
2.2536
2.18656
1.98242
2.15604
2.51435
2.04702
1.89451
1.93046
2.38903
2.42868
2.29287
2.52381
1.35913
2.1154
2.45522
2.39531
1.87699
2.39999
2.4377
1.87747
1.87239
0.91026
2.60021
2.07941
2.1645
2.13232
1.74928
2.209
2.1631
2.29006
2.07116
2.52017
2.33726
1.49269
2.26769
2.29596
2.03824
1.60087
2.24485
1.49083
2.19987
1.39135
2.4617
2.13745
2.47898
2.39096
2.41494
1.96442
2.30095
2.03893
1.78791
2.26668
1.42563
2.47512
2.30429
2.38755
1.38183
1.9734
2.11306
1.43671
1.8111
2.13961
0.991344
2.55157
2.12639
2.22164
1.49651
2.15986
1.42221
2.24586
2.62145
1.89163
1.68884
1.76872
2.23991
1.45535
1.98636
2.37966
1.93277
2.61648
1.30382
2.24487
2.0588
1.89147
1.9494
2.27434
1.60231
2.33382
2.33582
2.04241
1.65347
2.49528
1.97867
1.81885
1.9346
2.00855
2.23628
2.27731
1.53807
2.25585
2.43616
2.36021
2.41176
2.42316
2.53003
2.20386
2.29977
2.26737
1.46837
1.77236
1.86943
1.93394
2.02689
1.68576
2.68683
2.06224
1.49008
2.30525
2.18492
1.55511
2.04236
2.33198
0.861895
2.38591
2.15225
1.82904
2.25915
1.79525
1.67797
1.76638
1.68813
2.47066
2.14444
2.20008
2.15116
2.41248
2.40214
2.20335
1.40323
1.95017
1.87758
1.57504
1.67614
2.05685
1.73463
2.04268
2.37251
2.21799
2.36704
2.41164
2.18792
2.20846
1.77478
2.2377
2.70511
2.53256
2.37626
2.3018
2.30527
2.38487
2.00265
2.23371
2.06085
2.14545
1.07016
2.15912
2.1803
1.60643
1.95928
2.09796
2.13467
2.18002
2.22185
2.16363
1.67473
1.8672
1.67023
2.43693
1.27604
1.90579
1.88529
2.47408
2.29491
2.18552
2.04842
2.57188
1.72474
2.47316
2.12724
2.46302
2.39369
2.44115
2.03698
1.84445
1.96736
1.83848
2.19874
2.36961
2.27659
2.37296
2.15158
2.47653
2.22049
1.69918
2.011
2.14278
2.12074
2.26151
1.63786
2.28787
1.95476
2.43841
1.58093
1.72908
2.46797
2.23691
2.29499
2.07269
2.18947
2.12743
1.43629
2.47108
1.22292
0.704602
1.97324
2.10354
1.23577
2.55902
1.7608
1.71072
1.77955
2.32829
2.30933
2.25063
2.03723
2.07015
1.8639
0.771058
2.28466
2.10294
1.8612
1.70597
1.77665
1.30216
0.546625
2.07158
1.67115
1.70775
1.89509
1.91249
2.19046
2.27141
2.25444
2.23426
2.15446
2.26472
1.77377
2.33307
2.15587
0.229493
0.952359
2.16001
2.23542
2.41846
2.50466
1.13154
2.01744
2.14093
1.00304
1.56698
2.25298
1.99394
1.93585
1.77955
2.07532
1.81704
1.33842
1.77574
2.26747
1.88758
2.10285
1.83594
1.86565
2.51551
1.08139
2.2749
2.23618
1.95977
2.20951
1.776
1.78115
1.54359
2.29411
2.35002
2.17
2.44682
1.7755
2.10838
2.34915
1.05869
2.2759
2.0706
2.24299
1.52588
2.58068
1.46903
1.99721
2.52785
2.47778
1.65877
0.781397
2.24056
1.36591
2.29559
2.66679
1.88479
1.93514
2.27996
2.22214
1.50096
2.38296
1.45895
1.42379
2.17733
2.42965
1.60917
2.0378
2.56161
2.1977
2.537
2.06633
1.25184
2.49179
1.51335
1.23822
2.0446
2.26265
1.23828
2.17341
0.863401
2.4649
1.80002
2.31308
1.46232
1.66557
1.92991
2.29213
2.06665
2.20853
2.29718
1.88886
1.54222
1.65376
1.5958
2.14641
0.7545
2.2707
2.05456
2.31591
1.96554
2.29775
1.99741
1.70968
2.46161
1.07732
1.60736
2.01673
2.34444
2.31057
0.91775
2.19595
2.1658
2.21155
1.60371
1.29556
1.8327
1.4622
2.31111
1.31776
2.38199
1.81513
1.41306
2.5371
2.11815
1.43656
1.73526
1.41842
1.78347
2.18585
2.13346
1.74905
0.0107745
1.83345
1.90861
1.49873
2.30465
1.58176
2.12951
1.97457
2.0992
1.95324
2.42498
2.24755
1.69895
2.28698
1.62014
1.97325
2.3486
1.93039
2.07948
2.28739
1.14528
1.43412
1.96435
2.03641
2.18299
1.81501
1.76222
2.14736
1.21152
1.54667
2.50939
1.23844
2.05262
2.29317
0.99962
1.56475
1.59256
2.02804
1.81711
1.72893
2.33543
2.42167
2.29046
1.88296
1.99534
2.36589
1.90127
2.2192
1.87126
2.13313
1.86424
2.3267
2.15216
1.70901
2.04073
2.28034
1.86263
1.99373
1.74688
2.28043
1.69395
2.03938
2.03432
2.13125
2.09636
2.16364
1.6543
2.32016
1.26297
2.25314
1.84558
1.60558
1.83856
1.84271
1.42349
2.50761
1.59489
1.45334
2.0723
2.08057
1.45173
2.11241
1.9274
1.98936
2.60349
1.77755
1.63175
1.58985
2.11275
1.84159
1.96306
2.29439
1.78743
2.49709
1.62215
1.81252
1.70303
2.68051
1.7805
2.08036
2.37636
1.91572
2.07641
2.08889
2.24317
1.59299
2.61342
2.3575
1.99252
1.8525
1.76066
1.30644
2.39583
2.32549
2.21512
1.50583
2.47497
2.62054
1.93696
2.33451
2.50759
1.9007
2.38748
2.32979
1.81735
2.2414
2.03146
1.14633
1.14673
1.84994
1.61209
2.54494
1.77655
2.05481
2.33515
2.3985
1.9154
1.59801
2.31684
1.99173
1.74389
1.75303
2.108
2.04398
2.50825
2.16412
2.13064
2.64691
1.77717
1.99777
2.04027
2.14396
2.40044
2.08176
2.11512
2.14487
2.39011
1.90642
2.37258
2.04935
2.17433
2.39649
2.06212
1.831
2.30612
2.25653
2.26965
2.17923
1.98849
1.43577
1.71186
1.36464
2.35257
1.97886
2.24663
1.91024
1.98423
2.08555
1.93601
2.26671
2.10897
1.54463
2.18029
2.08183
1.88371
2.15374
2.54263
2.41987
1.94122
1.76434
2.09077
2.52186
1.40363
2.06664
1.73183
2.15095
1.97682
2.08965
2.16429
0.0963705
2.22866
2.22836
2.07461
2.20386
1.6802
1.88816
1.05374
2.23834
1.87073
1.03166
2.47059
2.24794
2.30885
1.89619
2.30721
2.28101
1.67526
2.26549
2.03861
2.18636
2.22853
2.63648
2.00392
2.31398
1.66778
2.27602
1.56621
2.20806
1.74455
1.8973
1.8774
1.93348
1.6912
0.983814
2.1293
1.84243
2.1213
1.28229
2.5394
1.82922
1.86422
2.0651
1.55779
2.2124
2.22934
0.896687
2.05408
2.03475
2.11601
1.40793
1.51518
2.2464
1.75544
1.96184
0.911254
2.09833
1.60088
1.6067
2.52219
1.82761
1.67143
2.33538
2.3062
2.43385
0.976295
1.57913
2.01782
1.99543
2.24425
2.4364
2.25816
2.1228
2.07342
2.33744
1.98134
2.00146
2.46676
1.90509
2.30527
2.01535
2.14979
2.57335
1.84567
2.01287
2.53655
2.17556
1.83194
1.58231
1.91001
1.84919
1.58258
2.22593
2.15827
2.22086
0.912319
2.18357
1.96013
2.19701
2.2759
1.19441
1.53839
2.09144
2.04041
2.23073
1.85807
2.44836
2.52124
1.46835
2.18291
2.36957
1.78389
2.51825
2.30259
2.27385
1.5228
1.57316
1.97312
2.09013
2.16489
2.06684
1.33168
0.512767
1.0229
1.62502
2.01004
2.4323
2.19194
1.22231
1.52526
1.98904
2.18292
2.25575
2.04058
1.55177
2.0719
2.01521
2.04822
2.37516
2.3856
1.84105
2.10334
2.21538
1.87165
2.0306
2.3779
1.92206
2.38252
1.86046
1.9434
1.98662
1.98013
0.978533
1.94125
2.51448
2.15028
1.88848
2.06754
2.17929
2.06908
2.10388
2.03871
2.44579
1.50916
2.17079
2.49155
1.59577
1.79332
2.54069
2.27092
2.1741
2.04293
1.05754
2.06224
1.44711
1.94364
1.46358
2.6312
1.91904
2.41409
2.3506
1.73987
2.0312
2.32609
2.43139
1.6912
1.86877
1.82189
2.36582
1.82397
1.32856
2.27647
2.05622
1.47768
2.61162
2.55295
2.13181
2.38518
1.89099
1.81005
1.37775
1.21798
2.08828
1.31546
2.2111
1.67028
1.92723
1.93685
2.44999
2.03435
2.1007
2.36997
2.30848
1.56252
2.13961
2.32971
2.30451
2.12046
2.2697
2.02341
1.7588
1.94666
2.51718
2.21136
2.13268
2.00414
2.27348
1.44403
1.47845
2.22048
2.23156
2.39604
1.92187
1.70676
1.79509
2.09722
1.29749
2.46217
2.1293
2.04924
1.61719
2.14672
1.52725
2.26524
1.66662
2.24054
1.23219
1.83822
1.812
1.93326
1.60362
2.24899
1.76961
2.35915
1.79514
2.05551
2.47601
2.16126
2.29566
2.21053
2.37088
2.2609
2.28665
2.18056
2.36302
2.49721
1.76763
1.59789
1.93095
2.33593
1.87546
1.92016
2.2602
2.19976
2.19584
2.20334
2.22392
2.00873
2.50313
1.59375
2.08591
2.53269
2.34705
2.41495
2.48375
1.83912
1.80172
1.53518
2.54421
2.48087
2.32987
1.52395
1.35741
1.99948
2.36281
1.50778
1.66933
2.38403
2.18209
2.13189
0.565908
2.39766
1.91445
2.67531
2.27507
2.20696
1.69205
2.10072
1.98972
2.13186
1.86661
2.16796
1.90037
2.04017
1.65718
2.18993
2.51572
1.51676
2.11475
1.26895
2.48655
1.72731
2.09751
2.55849
2.34765
2.26464
2.37828
1.29013
1.4261
2.14741
2.37902
2.11421
2.24758
2.16183
2.09832
1.51555
2.03152
2.1647
2.47096
2.41895
2.57298
1.23643
2.39581
2.16067
2.13374
2.54229
2.12764
1.78492
1.80322
2.34444
1.37245
2.16549
1.85388
1.44104
2.29968
2.27211
2.4998
2.39548
2.35549
1.43516
1.92781
2.28356
1.73624
2.60629
1.84207
2.31594
2.33902
1.39998
1.89345
2.14858
1.82298
2.37961
2.57902
2.19371
2.12549
2.25008
2.02923
2.1521
1.57212
2.22128
1.20797
2.47632
1.80295
2.0881
2.28355
1.84589
1.76873
1.65571
2.5954
0.79148
1.57566
2.34873
2.3791
2.30878
2.48002
1.7011
1.85092
2.18577
2.44456
1.47294
1.81303
2.20583
2.59162
1.79913
0.467044
2.06151
2.49161
2.04724
2.43266
2.40858
1.84827
2.06691
2.27468
2.41001
2.17724
1.86243
1.45622
1.96065
1.74756
0.947705
1.83362
0.986067
1.91557
1.94639
1.82458
2.37623
2.25506
2.38129
1.8311
2.32218
1.83037
1.90436
1.7637
2.08675
2.00675
0.523485
2.51809
0.380673
1.78951
2.3039
2.36356
2.43482
1.98799
1.32384
2.20495
1.55555
2.3569
1.28141
2.27958
2.16478
1.91895
1.2695
2.32369
2.4657
1.79539
2.51469
2.1625
2.18193
2.16287
0.939028
2.26289
2.07973
2.10243
2.30139
2.41072
2.40463
2.19407
2.09623
1.68826
2.20751
2.00486
1.83088
1.5397
2.50001
1.9605
2.49354
2.27839
2.11481
2.17279
2.2115
0.959911
1.54232
2.37513
1.76826
2.05089
2.13954
2.2631
1.94997
2.11662
2.2956
2.42053
1.88357
2.10163
2.50842
2.51484
1.33961
2.61047
2.58564
2.19473
1.59545
2.31535
1.646
2.32479
2.64729
1.12798
1.54546
2.41994
2.27027
2.13131
2.24965
2.41472
1.76151
1.64537
1.73801
2.08599
2.28168
1.93382
2.42792
2.16038
2.18448
1.81416
2.48539
1.73649
2.05387
1.8073
2.35962
1.79824
1.75552
1.87248
2.26709
