0.764463
0.771056
0.730308
0.750717
0.77341
0.75282
0.786082
0.738547
0.755095
0.77463
0.748304
0.706984
0.737575
0.740548
0.731206
0.770893
0.770058
0.767519
0.733832
0.75801
0.690242
0.752976
0.738227
0.760115
0.723644
0.733015
0.761019
0.765559
0.756831
0.737836
0.743685
0.770334
0.746642
0.74336
0.747765
0.774864
0.759884
0.76144
0.764228
0.730451
0.748342
0.782309
0.718447
0.728154
0.733022
0.72975
0.763273
0.747364
0.729609
0.772608
0.7058
0.780373
0.703065
0.78239
0.737101
0.765209
0.738264
0.75826
0.784278
0.752804
0.711365
0.75132
0.757797
0.75165
0.75302
0.791311
0.733568
0.742123
0.768394
0.719367
0.778144
0.765998
0.784195
0.731565
0.718212
0.740352
0.726323
0.745636
0.735697
0.725138
0.727036
0.741296
0.746213
0.727815
0.72886
0.773975
0.735828
0.746821
0.76435
0.736608
0.731871
0.752955
0.758692
0.761336
0.723158
0.743795
0.771913
0.744607
0.756789
0.724403
0.759247
0.715604
0.727872
0.72697
0.761828
0.762257
0.718688
0.732024
0.768023
0.758991
0.766197
0.76386
0.757896
0.765188
0.757221
0.760541
0.733932
0.752931
0.708729
0.699393
0.739069
0.692685
0.738965
0.762723
0.747011
0.716372
0.749966
0.751072
0.750085
0.756009
0.7701
0.779099
0.780156
0.759285
0.738322
0.699379
0.765552
0.757481
0.711345
0.748979
0.760181
0.73144
0.759645
0.779736
0.75956
0.753581
0.760341
0.787682
0.734078
0.750175
0.731644
0.752132
0.785076
0.765347
0.753096
0.767724
0.729071
0.719334
0.77079
0.713416
0.756366
0.758675
0.685588
0.771587
0.712128
0.767407
0.765865
0.759705
0.762838
0.761625
0.755358
0.757353
0.769396
0.70779
0.762059
0.76166
0.774776
0.697459
0.692084
0.772079
0.742248
0.733669
0.759275
0.764651
0.718908
0.777417
0.754489
0.756073
0.747847
0.76291
0.740373
0.797119
0.749969
0.719691
0.72838
0.708892
0.749185
0.758321
0.739425
0.743256
0.726448
0.753089
0.740368
0.747828
0.756187
0.752115
0.744998
0.748382
0.72089
0.759966
0.718509
0.776563
0.736387
0.731908
0.77693
0.749275
0.753575
0.752528
0.754964
0.713867
0.699914
0.730598
0.756041
0.727573
0.734942
0.766828
0.766834
0.760281
0.733286
0.768512
0.7718
0.775497
0.746808
0.722338
0.736679
0.765337
0.749953
0.764603
0.761777
0.770379
0.738286
0.723588
0.752048
0.736717
0.758036
0.749098
0.76303
0.76929
0.740819
0.732644
0.780109
0.757994
0.726553
0.788322
0.761747
0.725697
0.754721
0.750712
0.690757
0.740915
0.757118
0.73217
0.74478
0.764601
0.742845
0.73291
0.764029
0.741884
0.793007
0.67971
0.756518
0.745543
0.73651
0.739717
0.757128
0.771182
0.747481
0.711658
0.727444
0.765266
0.741463
0.743797
0.759127
0.673374
0.738884
0.735285
0.725497
0.699037
0.757736
0.746984
0.743864
0.741279
0.755655
0.745396
0.691267
0.788967
0.752652
0.757827
0.734369
0.778504
0.722291
0.741024
0.742769
0.733406
0.774653
0.756811
0.753119
0.725861
0.712207
0.764047
0.748957
0.773312
0.738675
0.748863
0.761213
0.782603
0.705465
0.722274
0.758491
0.731778
0.755374
0.780528
0.778582
0.730515
0.782592
0.751437
0.777127
0.766139
0.739872
0.756828
0.708564
0.747541
0.734266
0.748397
0.757607
0.777675
0.743559
0.764449
0.736338
0.76406
0.759006
0.690994
0.754144
0.738219
0.750672
0.77747
0.742947
0.752
0.701352
0.750967
0.740005
0.746492
0.765491
0.774495
0.757262
0.735186
0.735203
0.761693
0.78537
0.785084
0.740849
0.765211
0.781725
0.736515
0.753043
0.75787
0.768432
0.756954
0.788206
0.713449
0.751105
0.765601
0.748085
0.707637
0.697435
0.773122
0.752038
0.745957
0.77354
0.766972
0.776552
0.76517
0.726913
0.759344
0.697368
0.748918
0.749328
0.758938
0.728514
0.758288
0.687591
0.680544
0.749048
0.765452
0.717012
0.744681
0.755855
0.748869
0.751112
0.763928
0.716543
0.732167
0.766814
0.762314
0.752819
0.753785
0.780964
0.739212
0.73294
0.735404
0.74765
0.682214
0.748306
0.725151
0.769808
0.750407
0.751899
0.756842
0.722931
0.752887
0.759807
0.734874
0.755115
0.740131
0.7224
0.714376
0.71743
0.761227
0.770169
0.768818
0.732245
0.759583
0.74075
0.77425
0.788753
0.709438
0.72112
0.753887
0.739381
0.721287
0.74113
0.764939
0.712984
0.766157
0.780611
0.750828
0.732579
0.738087
0.733343
0.727885
0.772964
0.760431
0.759374
0.738199
0.732796
0.717419
0.780693
0.752263
0.782007
0.74963
0.74614
0.764224
0.77362
0.72064
0.749011
0.746635
0.765732
0.749859
0.738634
0.70807
0.772709
0.757116
0.749472
0.730012
0.77734
0.740687
0.730975
0.78801
0.709395
0.762832
0.722305
0.772886
0.762724
0.76659
0.757434
0.784167
0.763024
0.766088
0.72529
0.762711
0.741342
0.727687
0.768533
0.768498
0.74957
0.730386
0.736016
0.761983
0.761123
0.733791
0.739526
0.747551
0.729293
0.75238
0.768835
0.752719
0.749808
0.769282
0.775345
0.725231
0.769888
0.784087
0.770347
0.713521
0.751548
0.751006
0.758526
0.76246
0.762865
0.755926
0.69788
0.726534
0.751909
0.78769
0.724853
0.753582
0.784086
0.778337
0.763033
0.750347
0.740433
0.723323
0.712293
0.745105
0.752556
0.771655
0.754677
0.715722
0.733454
0.725528
0.771144
0.732397
0.698327
0.776265
0.71874
0.761284
0.719707
0.761491
0.745591
0.72115
0.756484
0.763495
0.735085
0.71325
0.74564
0.747872
0.704344
0.73758
0.704152
0.78534
0.737894
0.74124
0.775443
0.751272
0.704538
0.705854
0.748802
0.751242
0.732811
0.716591
0.741603
0.708602
0.738119
0.78138
0.740232
0.733584
0.729166
0.783414
0.757546
0.751732
0.760812
0.761179
0.73854
0.764348
0.730037
0.769785
0.722751
0.722177
0.794762
0.758268
0.745797
0.706806
0.725855
0.801558
0.770188
0.68274
0.742104
0.75306
0.760574
0.76949
0.742542
0.720169
0.774874
0.740527
0.761672
0.730397
0.743113
0.750211
0.780153
0.77696
0.762047
0.754806
0.750752
0.75297
0.762809
0.728194
0.767407
0.701824
0.776149
0.757609
0.737962
0.740592
0.76655
0.713876
0.774051
0.741595
0.742714
0.744234
0.759382
0.790932
0.745341
0.755596
0.744297
0.745487
0.74516
0.734931
0.728124
0.751199
0.776788
0.785349
0.771678
0.756556
0.745815
0.760234
0.752981
0.761219
0.763237
0.730214
0.757198
0.738273
0.740807
0.767262
0.768302
0.746828
0.760629
0.755368
0.749776
0.792284
0.747774
0.737085
0.767595
0.730358
0.768159
0.737232
0.774522
0.710172
0.729365
0.770301
0.761688
0.76271
0.75225
0.740485
0.766049
0.76996
0.715752
0.776462
0.761882
0.742618
0.75623
0.73905
0.773279
0.786753
0.756722
0.771607
0.744686
0.733293
0.701811
0.745423
0.726165
0.706549
0.782734
0.719931
0.757581
0.747431
0.753134
0.708129
0.748621
0.729522
0.774637
0.754809
0.686276
0.713751
0.734456
0.738726
0.772017
0.742902
0.772149
0.728851
0.721867
0.766791
0.720064
0.788808
0.749965
0.774727
0.718961
0.700282
0.741188
0.75105
0.715054
0.741028
0.749254
0.714993
0.732957
0.747996
0.787183
0.745805
0.741797
0.730454
0.731381
0.76668
0.737156
0.761543
0.77194
0.712331
0.766851
0.766253
0.720324
0.741061
0.745116
0.756314
0.740401
0.768041
0.781693
0.742737
0.76507
0.732147
0.741262
0.760505
0.742417
0.740675
0.779139
0.769807
0.720103
0.767519
0.747864
0.783337
0.794038
0.736814
0.777956
0.743951
0.746102
0.732721
0.719385
0.756585
0.764072
0.737904
0.763263
0.764461
0.775773
0.75294
0.768909
0.752924
0.724937
0.775918
0.772892
0.743494
0.754361
0.752363
0.772103
0.742867
0.72191
0.744797
0.740815
0.738043
0.751971
0.75797
0.758871
0.734077
0.72654
0.771102
0.75889
0.717299
0.775698
0.730469
0.771261
0.70949
0.754299
0.75829
0.765653
0.713506
0.729298
0.718577
0.765012
0.750361
0.75318
0.748408
0.801658
0.76144
0.777387
0.759652
0.69508
0.753838
0.747284
0.747014
0.712305
0.709518
0.759228
0.7489
0.749159
0.76185
0.795741
0.755125
0.739888
0.724102
0.721589
0.736153
0.751753
0.751043
0.765079
0.78376
0.75993
0.764685
0.696369
0.798508
0.774352
0.767655
0.797348
0.756687
0.774875
0.739723
0.720331
0.728385
0.709441
0.737642
0.716822
0.73404
0.766079
0.777424
0.766576
0.774486
0.750652
0.765231
0.782019
0.741485
0.746528
0.706116
0.78352
0.701527
0.775587
0.751149
0.744497
0.770426
0.779052
0.767
0.784144
0.712516
0.751473
0.759683
0.69835
0.794088
0.756693
0.745429
0.718467
0.769836
0.769278
0.69872
0.768468
0.759658
0.735244
0.743646
0.755305
0.745809
0.749019
0.753795
0.765656
0.748427
0.718374
0.781781
0.756635
0.733001
0.761401
0.780122
0.773644
0.782496
0.766432
0.731497
0.786098
0.753882
0.723441
0.782267
0.755642
0.707021
0.755734
0.772007
0.780355
0.760335
0.729225
0.787862
0.762173
0.756053
0.767349
0.754516
0.750399
0.71014
0.785985
0.696108
0.740056
0.785121
0.777079
0.766965
0.766975
0.730063
0.769575
0.774383
0.732511
0.743884
0.756963
0.766225
0.786763
0.75015
0.737197
0.741718
0.736246
0.753903
0.745919
0.779708
0.776733
0.770111
0.782251
0.778448
0.754312
0.76363
0.739792
0.757595
0.778121
0.739154
0.76348
0.706774
0.760843
0.767406
0.719612
0.763642
0.713564
0.779211
0.741942
0.782107
0.771938
0.732547
0.731508
0.734358
0.736656
0.748053
0.746157
0.786116
0.739282
0.761845
0.742175
0.749196
0.732864
0.726643
0.775694
0.770225
0.751256
0.740977
0.73993
0.763958
0.735516
0.735083
0.751601
0.739784
0.710293
0.737706
0.726329
0.778155
0.761325
0.710812
0.783501
0.714466
0.705194
0.763499
0.708265
0.772316
0.740978
0.767641
0.778218
0.773203
0.760531
0.755762
0.757047
0.732253
0.75304
0.737359
0.741799
0.730547
0.707633
0.746882
0.777276
0.802936
0.753879
0.734467
0.714885
0.763287
0.798295
0.737554
0.733185
0.748558
0.744865
0.741601
0.759785
0.715637
0.733003
0.763809
0.774398
0.730847
0.727014
0.72816
0.766168
0.696706
0.770244
0.722965
0.766699
0.781664
0.698669
0.708467
0.743773
0.765704
0.681053
0.728926
0.785927
0.766742
0.725649
0.753067
0.730597
0.742363
0.752767
0.737797
0.727581
0.758175
0.726117
0.73307
0.717806
0.76616
0.729578
0.777228
0.753246
0.745496
0.771688
0.756129
0.760002
0.742665
0.75656
0.684592
0.714565
0.784141
0.752048
0.77834
0.74334
0.723314
0.774997
0.707839
0.733749
0.751824
0.784943
0.771821
0.74827
0.732275
0.758671
0.755604
0.764207
0.783537
0.725816
0.754764
0.776426
0.74078
0.760641
0.772644
0.70697
0.767028
0.710736
0.729898
0.7651
0.751058
0.743058
0.782295
0.737904
0.748242
0.74273
0.749918
0.73454
0.745481
0.720543
0.717476
0.743712
0.748653
0.764717
0.732817
0.786213
0.763734
0.736102
0.756742
0.755029
0.703694
0.73398
0.751776
0.761398
0.726527
0.707645
0.773669
0.748355
0.727452
0.768019
0.737914
0.751679
0.758486
0.726974
0.753892
0.76349
0.77079
0.710087
0.778883
0.757226
0.75806
0.758967
0.748743
0.679028
0.717176
0.788959
0.712891
0.748302
0.794169
0.706602
0.768294
0.780072
0.741363
0.747409
0.768556
0.7323
0.772172
0.735782
0.753062
0.714264
0.751203
0.734894
0.703474
0.769985
0.766824
0.740485
0.773768
0.7463
0.748483
0.731049
0.740231
0.738929
0.735964
0.754162
0.75709
0.772382
0.745433
0.747421
0.759562
0.739002
0.750861
0.745451
0.767925
0.718684
0.720657
0.755899
0.765596
0.734414
0.696644
0.726093
0.761118
0.758426
0.759942
0.755382
0.753645
0.692401
0.784466
0.741602
0.762798
0.737947
0.760569
0.758722
0.720806
0.750952
0.752208
0.731291
0.757423
0.720653
0.726711
0.722695
0.726755
0.775914
0.777584
0.752496
0.735378
0.751528
0.71954
0.724646
0.768889
0.737794
0.761616
0.765117
0.767547
0.758564
0.737794
0.741542
0.741765
0.690092
0.747433
0.782321
0.742102
0.709549
0.788714
0.782883
0.742412
0.740694
0.782148
0.764378
0.790369
0.751998
0.718181
0.735044
0.793625
0.701983
0.77122
0.723228
0.693173
0.720179
0.69877
0.759158
0.753906
0.770403
0.747808
0.748308
0.742827
0.725754
0.748161
0.735382
0.76861
0.739861
0.758875
0.763275
0.773888
0.752572
0.715272
0.693922
0.729341
0.777899
0.766228
0.714034
0.719579
0.764559
0.758073
0.758275
0.764306
0.773879
0.739165
0.761736
0.708154
0.733068
0.759337
0.733204
0.730589
0.713416
0.720084
0.790123
0.748611
0.76075
0.761264
0.74886
0.76486
0.772928
0.755133
0.757223
0.769223
0.739619
0.762315
0.758622
0.773417
0.780831
0.734983
0.735156
0.757186
0.782771
0.755956
0.755397
0.779545
0.779247
0.662252
0.714989
0.741902
0.783484
0.707552
0.768738
0.749998
0.7347
0.713976
0.74912
0.793297
0.734891
0.752283
0.742883
0.72692
0.742612
0.743698
0.742672
0.759781
0.753518
0.744326
0.738014
0.772654
0.769466
0.769552
0.732454
0.746142
0.770462
0.757485
0.769418
0.775945
0.723086
0.744806
0.737159
0.758138
0.740969
0.766224
0.750609
0.752585
0.716894
0.758818
0.696652
0.764901
0.728707
0.763857
0.743696
0.762793
0.74818
0.746398
0.773626
0.757658
0.750391
0.762595
0.736907
0.701262
0.751581
0.746573
0.775747
0.740779
0.743359
0.724517
0.737969
0.727044
0.743722
0.726688
0.768686
0.772406
0.748561
0.784022
0.765527
0.754029
0.777248
0.741176
0.783239
0.72381
0.762112
0.749096
0.750283
0.734712
0.762794
0.773861
0.758055
0.768715
0.7398
0.72995
0.747958
0.719825
0.737119
0.742864
0.707578
0.773327
0.723865
0.766369
0.765998
0.766129
0.760642
0.730365
0.756109
0.694732
0.751308
0.747099
0.738235
0.739368
0.739153
0.75741
0.764512
0.747268
0.771738
0.756931
0.748729
0.752879
0.745848
0.799831
0.764568
0.763364
0.755257
0.715074
0.756539
0.77166
0.751465
0.7637
0.763999
0.733918
0.787755
0.770886
0.75697
0.746322
0.777987
0.750667
0.762588
0.749509
0.729891
0.777106
0.739308
0.744649
0.695026
0.763962
0.755508
0.730968
0.762092
0.74813
0.765328
0.733654
0.780131
0.728771
0.758758
0.743324
0.747958
0.756027
0.784112
0.77211
0.775529
0.762936
0.722281
0.759476
0.727447
0.745575
0.757533
0.728167
0.73576
0.725872
0.756675
0.746784
0.723654
0.744279
0.745217
0.775193
0.754127
0.702004
0.748023
0.753481
0.755168
0.705953
0.776014
0.771042
0.744267
0.737872
0.741944
0.754069
0.731883
0.781667
0.743104
0.761779
0.668843
0.712482
0.747826
0.762844
0.751546
0.785467
0.701827
0.774526
0.761167
0.751505
0.773036
0.748459
0.77154
0.720605
0.731081
0.772379
0.735734
0.723281
0.773514
0.736442
0.759411
0.772437
0.760085
0.769984
0.751855
0.771285
0.75666
0.702201
0.732193
0.764883
0.73048
0.760792
0.725459
0.744652
0.756549
0.742659
0.736579
0.730996
0.719471
0.75393
0.695152
0.757998
0.760814
0.737361
0.736886
0.737123
0.746345
0.781634
0.742935
0.732835
0.763806
0.746381
0.749225
0.760586
0.73352
0.720417
0.78379
0.748495
0.771073
0.755519
0.761845
0.767036
0.74084
0.747242
0.724595
0.771236
0.718339
0.760981
0.782672
0.746195
0.765958
0.758217
0.76433
0.781092
0.770508
0.746529
0.761468
0.733563
0.743044
0.731821
0.761982
0.792556
0.763259
0.777099
0.736757
0.768676
0.759727
0.730301
0.705862
0.775647
0.729145
0.7444
0.75972
0.769659
0.667976
0.744184
0.753604
0.766061
0.718276
0.775258
0.737089
0.737593
0.734196
0.732087
0.751328
0.761893
0.729568
0.749413
0.724793
0.723604
0.769675
0.763193
0.7428
0.765331
0.75313
0.750914
0.763732
0.756656
0.767838
0.754233
0.734779
0.760591
0.775762
0.716503
0.770113
0.686056
0.751434
0.719535
0.774626
0.744021
0.669616
0.758587
0.736737
0.759812
0.72724
0.726578
0.750473
0.772365
0.746906
0.711595
0.743685
0.739985
0.698264
0.77684
0.715862
0.769264
0.747395
0.774936
0.720808
0.727442
0.782582
0.748911
0.748467
0.728661
0.767888
0.784203
0.76233
0.790731
0.747863
0.797626
0.740405
0.723791
0.760761
0.766459
0.741133
0.704443
0.76147
0.762469
0.772663
0.779541
0.773119
0.779938
0.773262
0.737766
0.75743
0.716241
0.771936
0.719675
0.756611
0.744615
0.730135
0.732603
0.736133
0.75657
0.781586
0.784562
0.773291
0.704538
0.752894
0.757783
0.744154
0.790827
0.785416
0.775837
0.759812
0.766696
0.734555
0.74883
0.760865
0.774497
0.753319
0.744988
0.733809
0.742582
0.711716
0.73907
0.738398
0.7534
0.718946
0.74352
0.766041
0.748739
0.780004
0.771427
0.744641
0.77343
0.73021
0.722857
0.726424
0.732077
0.741348
0.757815
0.736629
0.709423
0.724257
0.755183
0.781881
0.764695
0.741471
0.781937
0.737549
0.76953
0.754599
0.745524
0.759004
0.738223
0.741809
0.736804
0.744164
0.745233
0.774629
0.729479
0.758082
0.775746
0.77653
0.770221
0.760262
0.744844
0.73517
0.781968
0.754272
0.729858
0.709186
0.754654
0.692325
0.782336
0.744803
0.75606
0.729961
0.705247
0.733165
0.747833
0.74287
0.741837
0.752895
0.722485
0.761184
0.748688
0.755899
0.741313
0.729148
0.760765
0.733946
0.740624
0.74706
0.708383
0.756727
0.729248
0.740613
0.72623
0.760358
0.766118
0.75156
0.741652
0.765294
0.764799
0.727529
0.66844
0.747683
0.70925
0.769259
0.739632
0.710362
0.759737
0.743145
0.744273
0.751769
0.762587
0.762617
0.779258
0.773172
0.761321
0.738459
0.745345
0.713884
0.746349
0.75571
0.753056
0.750987
0.750785
0.770894
0.734614
0.768855
0.738465
0.757596
0.745881
0.744794
0.780356
0.773821
0.780234
0.782078
0.744099
0.73345
0.757829
0.75937
0.757949
0.700828
0.724277
0.752442
0.773686
0.802053
0.7558
0.731248
0.747271
0.716762
0.766389
0.764365
0.728093
0.741889
0.71829
0.751641
0.731347
0.736041
0.777905
0.749766
0.718157
0.730575
0.730159
0.724134
0.756744
0.754994
0.730401
0.777942
0.735799
0.752301
0.756975
0.7789
0.731011
0.766408
0.753381
0.788581
0.7551
0.719636
0.729538
0.763506
0.756891
0.745056
0.76714
0.77071
0.708478
0.734367
0.751367
0.746152
0.768273
0.738374
0.731705
0.707838
0.734901
0.752475
0.728437
0.71144
0.758412
0.753521
0.763612
0.767788
0.796273
0.745587
0.757444
0.752693
0.742833
0.778811
0.74848
0.737055
0.751973
0.776697
0.75392
0.773137
0.772945
0.763287
0.749954
0.721055
0.753957
0.706648
0.73552
0.757822
0.741764
0.772608
0.784164
0.701568
0.755813
0.770535
0.763409
0.722798
0.757933
0.734139
0.75916
0.716383
0.759128
0.716355
0.720539
0.770322
0.764261
0.730179
0.783802
0.767282
0.786175
0.750266
0.744619
0.732186
0.736161
0.715928
0.75624
0.716272
0.750646
0.776916
0.778714
0.728732
0.740815
0.726714
0.740049
0.762587
0.719398
0.738325
0.77925
0.794229
0.734927
0.737016
0.745068
0.737065
0.764078
0.758948
0.702331
0.774632
0.68815
0.726758
0.732439
0.736292
0.77793
0.788131
0.741215
0.735076
0.77477
0.760304
0.756217
0.780676
0.725081
0.776138
0.7424
0.758306
0.728497
0.749945
0.760787
0.703757
0.751616
0.752575
0.721053
0.741568
0.76543
0.711234
0.76614
0.781717
0.739917
0.753213
0.790558
0.714622
0.745629
0.754965
0.753534
0.748715
0.784476
0.74095
0.724357
0.714605
0.738345
0.718874
0.765558
0.731612
0.727249
0.763653
0.764915
0.73509
0.76443
0.790634
0.769741
0.724607
0.766532
0.773931
0.764606
0.734142
0.663144
0.753797
0.724714
0.754783
0.781255
0.770366
0.744725
0.756989
0.784852
0.707498
0.737211
0.739778
0.765009
0.730994
0.768727
0.742009
0.729832
0.725917
0.727379
0.702989
0.700774
0.76767
0.768252
0.768173
0.757331
0.743283
0.735261
0.748662
0.739573
0.788637
0.714268
0.751836
0.776518
0.791064
0.790659
0.768324
0.706874
0.755451
0.743847
0.773939
0.775981
0.710445
0.714073
0.736582
0.747183
0.721503
0.743629
0.742706
0.729508
0.727892
0.738651
0.764072
0.773043
0.762352
0.767818
0.783957
0.763174
0.753083
0.760436
0.737936
0.725916
0.775349
0.731571
0.732992
0.74997
0.733032
0.775212
0.764661
0.708241
0.751494
0.721039
0.784671
0.745576
0.730415
0.769032
0.778181
0.75569
0.757156
0.753143
0.729347
0.752921
0.754567
0.739763
0.752123
0.7308
0.658484
0.742209
0.753003
0.780832
0.727103
0.75306
0.75142
0.761319
0.735802
0.776679
0.767337
0.735253
0.734106
0.743613
0.763196
0.777994
0.768689
0.731844
0.748917
0.744227
0.783677
0.712661
0.735464
0.749745
0.732181
0.709282
0.772887
0.743539
0.742579
0.782267
0.764136
0.697689
0.733385
0.783052
0.75983
0.714293
0.762528
0.772489
0.729638
0.750856
0.774354
0.757776
0.757947
0.728233
0.743176
0.740056
0.679913
0.749139
0.747582
0.731317
0.719102
0.747431
0.759192
0.787909
0.73729
0.776107
0.738662
0.790278
0.74662
0.704579
0.739418
0.743736
0.742326
0.74555
0.723035
0.754325
0.748391
0.721731
0.718299
0.723436
0.766975
0.741798
0.775578
0.744058
0.739842
0.776503
0.757325
0.708345
0.738624
0.76931
0.766127
0.743092
0.787658
0.760102
0.754748
0.735366
0.768922
0.728768
0.772737
0.756242
0.758108
0.761291
0.762046
0.76846
0.744404
0.73427
0.720576
0.753865
0.748084
0.728864
0.73553
0.76516
0.73884
0.734803
0.76006
0.728645
0.721972
0.744161
0.764351
0.752201
0.742625
0.764962
0.709445
0.749109
0.74149
0.779099
0.745005
0.750857
0.781975
0.739703
0.760306
0.765333
0.723302
0.746572
0.761957
0.736455
0.745233
0.732891
0.775767
0.730089
0.753596
0.751864
0.763108
0.747606
0.729384
0.712971
0.763256
0.739477
0.777554
0.766085
0.774486
0.728959
0.726124
0.71375
0.739144
0.727785
0.734619
0.775903
0.760697
0.729402
0.751222
0.76311
0.757405
0.748604
0.770133
0.735659
0.753791
0.77162
0.7676
0.749342
0.748331
0.710258
0.739666
0.73591
0.72691
0.744047
0.752576
0.745859
0.769634
0.752291
0.675606
0.743641
0.750355
0.738524
0.711243
0.748029
0.768145
0.773808
0.757234
0.694565
0.754252
0.750664
0.75881
0.757968
0.762996
0.765525
0.740856
0.734912
0.789657
0.76501
0.756199
0.781475
0.753529
0.768806
0.750046
0.72526
0.783001
0.769206
0.709802
0.76441
0.747094
0.762195
0.750652
0.73251
0.744848
0.763047
0.735199
0.727791
0.764391
0.746586
0.762289
0.754106
0.729223
0.779906
0.697718
0.73901
0.72175
0.710469
0.749435
0.709252
0.754995
0.739297
0.770977
0.746683
0.761789
0.747561
0.743327
0.747766
0.733181
0.765078
0.769092
0.744827
0.764394
0.708466
0.761385
0.751258
0.756643
0.735402
0.779523
0.777831
0.702428
0.781389
0.790877
0.738202
0.793826
0.772991
0.76578
0.788284
0.739026
0.745268
0.740062
0.769001
0.740887
0.768852
0.766979
0.710755
0.771504
0.751716
0.755678
0.756442
0.752881
0.754223
0.754566
0.703784
0.746074
0.768271
0.765608
0.743918
0.728302
0.751514
0.778307
0.740653
0.770213
0.76999
0.768471
0.787702
0.775611
0.747879
0.743705
0.769255
0.741684
0.718085
0.736586
0.749131
0.742117
0.761609
0.726337
0.77542
0.752391
0.796181
0.758005
0.733407
0.735682
0.74866
0.77163
0.787279
0.687789
0.687788
0.752512
0.71669
0.773284
0.74083
0.713093
0.770004
0.760466
0.775334
0.771272
0.741944
0.75437
0.772889
0.729961
0.753757
0.761378
0.794342
0.719199
0.738825
0.748646
0.77779
0.709526
0.746747
0.705483
0.762925
0.733501
0.739576
0.785202
0.744754
0.76261
0.749322
0.779684
0.71315
0.783362
0.74915
0.734129
0.731331
0.770846
0.730158
0.730648
0.711432
0.750881
0.761717
0.758552
0.739047
0.772181
0.76527
0.754426
0.75774
0.738532
0.754002
0.752173
0.752244
0.76043
0.781359
0.752081
0.742909
0.704362
0.708104
0.752001
0.757631
0.761159
0.709949
0.73988
0.730879
0.740751
0.695106
0.763072
0.756534
0.766861
0.703749
0.750905
0.730216
0.731226
0.744209
0.743146
0.72434
0.743553
0.760036
0.748184
0.765329
0.749056
0.7544
0.758616
0.751286
0.683137
0.739453
0.78387
0.755003
0.764753
0.766207
0.730117
0.769034
0.726206
0.708495
0.739679
0.725962
0.745148
0.759545
0.77604
0.758235
0.737212
0.735056
0.736357
0.761647
0.731718
0.74211
0.753949
0.749217
0.709326
0.72574
0.732261
0.748254
0.734137
0.71563
0.701791
0.736927
0.746035
0.753699
0.730546
0.714202
0.752174
0.756386
0.742217
0.755678
0.74216
0.7664
0.744282
0.761267
0.759809
0.778739
0.753862
0.759913
0.77122
0.773964
0.694095
0.759753
0.781248
0.759325
0.725623
0.760658
0.799837
0.751567
0.762473
0.782739
0.729271
0.736925
0.748557
0.750991
0.706819
0.74018
0.747061
0.727326
0.721397
0.731329
0.719604
0.763603
0.741325
0.733222
0.754502
0.780107
0.791426
0.773281
0.754436
0.689868
0.758786
0.718361
0.727552
0.749474
0.749334
0.784006
0.756397
0.74658
0.751759
0.744014
0.753691
0.737642
0.760766
0.748698
0.750777
0.75992
0.761025
0.757314
0.726972
0.717481
0.762897
0.765432
0.749131
0.773689
0.74504
0.75213
0.774958
0.753904
0.747412
0.767874
0.759667
0.794217
0.724415
0.764947
0.741448
0.741164
0.75642
0.778153
0.69815
0.759396
0.770234
0.753175
0.763273
0.74772
0.73631
0.766874
0.743661
0.749053
0.763391
0.675394
0.778884
0.764618
0.74344
0.75032
0.71518
0.748912
0.73387
0.74043
0.787549
0.744331
0.768084
0.705443
0.760708
0.747373
0.722817
0.767098
0.760207
0.758922
0.780203
0.759152
0.764263
0.765679
0.755086
0.738914
0.765847
0.742325
0.718011
0.753066
0.731728
0.714635
0.727889
0.731041
0.747906
0.779336
0.721182
0.715985
0.788907
0.736621
0.738363
0.743236
0.761745
0.728037
0.771486
0.726306
0.767683
0.754666
0.757524
0.778434
0.737893
0.731164
0.744476
0.746609
0.745187
0.767375
0.752899
0.769275
0.764229
0.754297
0.739691
0.761613
0.676878
0.765203
0.705854
0.756521
0.757368
0.732318
0.755114
0.71407
0.761846
0.765113
0.740794
0.72001
0.739133
0.743069
0.770249
0.752493
0.738298
0.756667
0.731942
0.759347
0.743398
0.761143
0.727323
0.739798
0.74885
0.71498
0.776577
0.76449
0.780831
0.761004
0.746376
0.731326
0.770398
0.752945
0.774269
0.725868
0.764757
0.739155
0.775181
0.767172
0.737936
0.769487
0.732532
0.735946
0.744083
0.740686
0.735593
0.732812
0.769236
0.765327
0.735829
0.740006
0.737943
0.752421
0.730673
0.803221
0.739846
0.764719
0.755103
0.754553
0.786708
0.743033
0.74882
0.755547
0.749536
0.760091
0.737652
0.757166
0.707296
0.747135
0.737242
0.732883
0.767304
0.776677
0.753834
0.742656
0.780232
0.746465
0.746931
0.777672
0.719228
0.725628
0.728117
0.75506
0.77015
0.692132
0.770689
0.791119
0.734459
0.71466
0.778877
0.723052
0.762361
0.760539
0.771911
0.767057
0.716513
0.753809
0.763618
0.748704
0.748611
0.747184
0.751424
0.745861
0.715154
0.748763
0.776989
0.736099
0.740114
0.740922
0.763787
0.709156
0.772826
0.748263
0.726018
0.710103
0.759872
0.716501
0.71455
0.747022
0.752881
0.794566
0.733355
0.737196
0.752839
0.752391
0.733577
0.71809
0.743383
0.744134
0.731828
0.757803
0.759072
0.736792
0.753503
0.756636
0.752591
0.716995
0.772807
0.785959
0.694027
0.762772
0.770258
0.712534
0.725311
0.727213
0.715254
0.747791
0.766478
0.757367
0.769633
0.759088
0.658896
0.750896
0.766223
0.763682
0.75152
0.724832
0.787279
0.712509
0.755808
0.750298
0.751676
0.756146
0.780782
0.715066
0.718872
0.760589
0.756075
0.757126
0.728601
0.770149
0.783978
0.742348
0.751435
0.723775
0.718606
0.756197
0.769468
0.729507
0.707408
0.762041
0.75155
0.773406
0.753804
0.780581
0.749723
0.777774
0.735121
0.74379
0.749997
0.746447
0.73761
0.745205
0.748528
0.757949
0.758131
0.736802
0.774841
0.67162
0.767876
0.762198
0.770967
0.772332
0.771472
0.743252
0.762129
0.755852
0.745094
0.74714
0.746239
0.742407
0.719857
0.763221
0.77721
0.691028
0.743205
0.722969
0.745831
0.719381
0.73014
0.757696
0.757452
0.75957
0.736193
0.747272
0.733095
0.741563
0.736713
0.742021
0.764976
0.768473
0.724739
0.77103
0.736259
0.766456
0.736412
0.744839
0.742724
0.770511
0.75395
0.743002
0.764581
0.761515
0.751178
0.787764
0.756745
0.738436
0.738647
0.719877
0.751003
0.718243
0.759392
0.728373
0.755796
0.782094
0.757952
0.748732
0.75334
0.755977
0.752813
0.734306
0.713233
0.767269
0.749122
0.752413
0.740212
0.70891
0.773196
0.76174
0.762121
0.756668
0.729627
0.740593
0.773675
0.78224
0.736701
0.770125
0.746664
0.713439
0.750532
0.776241
0.72577
0.701026
0.744228
0.758486
0.792294
0.749864
0.761558
0.73172
0.756901
0.788417
0.730765
0.703793
0.735387
0.753893
0.727526
0.750503
0.696766
0.755041
0.754441
0.704991
0.747288
0.739662
0.751162
0.79202
0.70572
0.728911
0.708053
0.779081
0.721637
0.756045
0.754846
0.711344
0.743153
0.741781
0.745412
0.756544
0.736637
0.755007
0.779838
0.765407
0.724824
0.788333
0.724084
0.762011
0.722761
0.743776
0.731826
0.768387
0.776521
0.746685
0.773361
0.759365
0.72324
0.7662
0.758403
0.748922
0.739949
0.715339
0.790957
0.762126
0.758119
0.783257
0.75868
0.764827
0.789226
0.736809
0.739377
0.730318
0.751661
0.773808
0.740501
0.723161
0.755591
0.763606
0.770622
0.71367
0.738914
0.722498
0.745325
0.770649
0.76482
0.730955
0.725883
0.777967
0.746645
0.696918
0.749105
0.72324
0.757175
0.720644
0.729427
0.722054
0.730783
0.717065
0.768816
0.728536
0.770418
0.730711
0.729131
0.734676
0.729692
0.765332
0.745955
0.728686
0.776547
0.731636
0.774115
0.77512
0.759702
0.755517
0.763603
0.770081
0.729669
0.76108
0.732195
0.758024
0.723358
0.766173
0.719191
0.771903
0.757759
0.732162
0.752275
0.745254
0.746578
0.772397
0.744551
0.738983
0.757101
0.787238
0.75558
0.746005
0.727
0.7683
0.757142
0.740313
0.761837
0.727782
0.732335
0.761361
0.758672
0.763736
0.734665
0.715506
0.723293
0.745244
0.741869
0.760607
0.732359
0.734693
0.759955
0.769017
0.76659
0.759369
0.778005
0.753291
0.746676
0.735584
0.76815
0.778965
0.749226
0.75762
0.738735
0.742393
0.721282
0.708668
0.744766
0.759475
0.75031
0.739378
0.710938
0.755803
0.748917
0.760352
0.754726
0.746473
0.701489
0.753743
0.76465
0.746257
0.752543
0.767474
0.753265
0.775937
0.727891
0.745916
0.798907
0.748942
0.764129
0.755246
0.744949
0.76088
0.743305
0.72061
0.731637
0.727272
0.763966
0.762525
0.782421
0.766285
0.759227
0.73682
0.754309
0.746866
0.754476
0.756252
0.792006
0.732041
0.757043
0.697427
0.743669
0.722018
0.745608
0.764377
0.7645
0.767582
0.758544
0.694868
0.80046
0.740702
0.749559
0.739312
0.736275
0.738
0.785108
0.737333
0.757486
0.709695
0.683383
0.763355
0.764104
0.7111
0.761277
0.749318
0.748182
0.739844
0.769655
0.745958
0.735763
0.760279
0.760695
0.805982
0.743356
0.733814
0.720804
0.718785
0.76006
0.7448
0.779474
0.753267
0.745895
0.719285
0.752938
0.760556
0.771856
0.750179
0.762833
0.74296
0.761291
0.755447
0.761532
0.705348
0.781135
0.778727
0.755502
0.719719
0.736849
0.72552
0.793331
0.74078
0.745879
0.736498
0.760655
0.717011
0.752848
0.76308
0.734089
0.746009
0.729814
0.761208
0.756528
0.774433
0.766825
0.774958
0.739988
0.745511
0.786056
0.691324
0.785404
0.676012
0.75767
0.746345
0.742815
0.733724
0.733867
0.755526
0.756088
0.756226
0.769898
0.748708
0.732981
0.765311
0.784656
0.758874
0.779025
0.742981
0.749986
0.766783
0.743049
0.75846
0.779424
0.772212
0.754381
0.759848
0.769109
0.761447
0.730012
0.741995
0.787657
0.724375
0.742428
0.735956
0.755052
0.740899
0.738691
0.754283
0.756059
0.74453
0.747127
0.765701
0.71554
0.749635
0.747478
0.760855
0.731591
0.76192
0.785572
0.801081
0.754556
0.732365
0.709139
0.766349
0.742736
0.722167
0.737697
0.761146
0.755779
0.771568
0.747513
0.767038
0.755176
0.789918
0.775377
0.739514
0.751715
0.739388
0.736994
0.717842
0.7447
0.746612
0.743531
0.737583
0.763382
0.729713
0.754398
0.72642
0.75319
0.759905
0.736117
0.742002
0.75786
0.725552
0.742125
0.754236
0.730739
0.763561
0.767546
0.771571
0.751512
0.693229
0.750772
0.744885
0.774709
0.733612
0.715016
0.753721
0.752686
0.767024
0.749953
0.687371
0.7507
0.75154
0.771877
0.759059
0.760097
0.770384
0.766683
0.749461
0.749589
0.77428
0.733302
0.754969
0.740732
0.791964
0.749594
0.715154
0.732087
0.746372
0.78281
0.756657
0.774199
0.752456
0.783081
0.782466
0.726818
0.748481
0.764463
0.762785
0.766324
0.723872
0.784921
0.754231
0.722074
0.731868
0.757751
0.717103
0.768471
0.724669
0.766689
0.768682
0.711231
0.706798
0.729968
0.760069
0.787371
0.743312
0.761962
0.783195
0.718149
0.724261
0.748537
0.778992
0.741602
0.713989
0.757088
0.725531
0.757816
0.742413
0.768153
0.728747
0.738742
0.753029
0.72645
0.766278
0.751225
0.732897
0.713511
0.730344
0.735799
0.730511
0.761265
0.742859
0.771991
0.728277
0.739321
0.77761
0.753531
0.744505
0.740324
0.761035
0.786304
0.76957
0.712818
0.766643
0.764101
0.733549
0.761439
0.715901
0.744655
0.747552
0.746229
0.73551
0.784395
0.775436
0.73653
0.75335
0.761508
0.792122
0.685061
0.715934
0.767501
0.73535
0.744195
0.765803
0.800376
0.737844
0.742362
0.775835
0.750559
0.753953
0.754048
0.731168
0.732189
0.742772
0.736226
0.735341
0.728507
0.766438
0.753854
0.739697
0.705996
0.794022
0.771662
0.780253
0.758544
0.770171
0.761236
0.739583
0.738539
0.765709
0.721493
0.660329
0.747271
0.756713
0.740206
0.713492
0.750237
0.76353
0.743546
0.747849
0.778547
0.762465
0.708904
0.741217
0.729175
0.728072
0.730563
0.72711
0.706047
0.738216
0.757145
0.780407
0.723835
0.752992
0.712163
0.740469
0.771592
0.76778
0.732474
0.758719
0.747088
0.739063
0.763936
0.773244
0.749746
0.71498
0.750062
0.75778
0.751095
0.766102
0.737599
0.725379
0.764675
0.738881
0.768924
0.770494
0.761777
0.72041
0.758157
0.758295
0.718601
0.758538
0.768574
0.704915
0.750803
0.725894
0.756111
0.75348
0.719647
0.766189
0.751191
0.776814
0.771231
0.768476
0.755679
0.731421
0.720155
0.745395
0.739084
0.740833
0.776011
0.696034
0.762588
0.771681
0.768467
0.758645
0.716058
0.736893
0.753664
0.760661
0.745589
0.73323
0.746348
0.742221
0.776862
0.751325
0.72275
0.794601
0.728255
0.767987
0.749716
0.738459
0.769467
0.72436
0.753836
0.759439
0.72823
0.769807
0.788413
0.742585
0.7719
0.693446
0.756795
0.728138
0.740001
0.770442
0.735667
0.763464
0.767702
0.768463
0.752121
0.767423
0.749962
0.731277
0.759327
0.727395
0.728965
0.756121
0.758468
0.764626
0.708218
0.750375
0.792562
0.770156
0.757595
0.763273
0.706597
0.750035
0.788975
0.774202
0.719484
0.761375
0.779505
0.71516
0.75057
0.745109
0.78164
0.747531
0.771865
0.731952
0.7689
0.758752
0.735474
0.774192
0.77438
0.774003
0.757017
0.771901
0.750719
0.769433
0.773435
0.731466
0.758325
0.772993
0.74772
0.72447
0.756138
0.75221
0.762151
0.770201
0.730623
0.735661
0.758742
0.712444
0.766095
0.737251
0.711831
0.760301
0.772097
0.777677
0.735762
0.711734
0.729834
0.779045
0.748323
0.762133
0.759215
0.752285
0.763505
0.747615
0.769518
0.785625
0.712766
0.724584
0.721394
0.71917
0.734641
0.761363
0.745191
0.718857
0.702039
0.780814
0.735243
0.780195
0.752633
0.755574
0.75695
0.730067
0.774856
0.744081
0.729215
0.736814
0.766395
0.74289
0.776186
0.735364
0.698596
0.75789
0.772806
0.751965
0.753688
0.72708
0.757085
0.736837
0.752599
0.754146
0.747559
0.769695
0.718247
0.698538
0.756963
0.772706
0.754368
0.73744
0.748773
0.739483
0.775526
0.759646
0.720773
0.731768
0.740431
0.706549
0.741089
0.69406
0.716197
0.778989
0.777042
0.755121
0.733171
0.746971
0.777148
0.710734
0.748318
0.73855
0.762857
0.733083
0.75221
0.750436
0.726821
0.76121
0.727726
0.741078
0.75782
0.74387
0.768129
0.755484
0.716563
0.764254
0.719832
0.755558
0.752422
0.719464
0.771532
0.711982
0.732541
0.750689
0.73685
0.761318
0.707661
0.728053
0.75397
0.73841
0.735147
0.750289
0.732528
0.757606
0.776858
0.744759
0.735384
0.769482
0.747803
0.725675
0.768952
0.766953
0.744039
0.769099
0.773359
0.750927
0.732888
0.726668
0.762176
0.726757
0.753322
0.749051
0.723979
0.735564
0.769284
0.769055
0.747121
0.766546
0.741009
0.732581
0.757713
0.738989
0.744303
0.766306
0.727918
0.73479
0.732701
0.748129
0.75006
0.77333
0.750383
0.755967
0.745265
0.729438
0.764579
0.757631
0.760777
0.748378
0.697902
0.769094
0.740159
0.721944
0.750598
0.768477
0.736306
0.752963
0.765017
0.770058
0.766972
0.758242
0.73459
0.718547
0.770359
0.71149
0.755129
0.752429
0.766819
0.77661
0.750526
0.723053
0.77008
0.742807
0.768009
0.765359
0.771529
0.740583
0.706565
0.715181
0.719362
0.740611
0.736175
0.730625
0.712361
0.785161
0.729639
0.776267
0.761382
0.751862
0.754853
0.756541
0.710731
0.716734
0.773857
0.761266
0.737147
0.776523
0.742069
0.751054
0.79596
0.726538
0.739831
0.74177
0.740157
0.758131
0.776507
0.781639
0.755925
0.758927
0.763454
0.724735
0.707411
0.767268
0.758226
0.7746
0.722823
0.76516
0.774267
0.757109
0.735833
0.787587
0.746739
0.74764
0.71462
0.742641
0.742886
0.777342
0.751719
0.749405
0.692685
0.742991
0.783407
0.753629
0.758922
0.76611
0.742073
0.752174
0.731445
0.746339
0.717265
0.748075
0.737211
0.721099
0.758514
0.747133
0.731753
0.692491
0.761725
0.76191
0.753398
0.713257
0.733932
0.746861
0.748059
0.679782
0.753144
0.739527
0.766417
0.778199
0.775231
0.754867
0.737843
0.760116
0.734183
0.748385
0.732548
0.746105
0.718103
0.761034
0.741581
0.732738
0.778559
0.727989
0.735261
0.79328
0.727852
0.75125
0.735422
0.709885
0.720417
0.753597
0.735411
0.746464
0.727327
0.705345
0.717885
0.744199
0.648101
0.738151
0.747543
0.771906
0.771114
0.754462
0.735682
0.750251
0.749392
0.755799
0.752018
0.72791
0.72468
0.728725
0.756393
0.759958
0.741081
0.755791
0.774647
0.730554
0.728038
0.803383
0.724605
0.72225
0.778743
0.725917
0.76919
0.756948
0.717948
0.752251
0.782251
0.759463
0.695594
0.7702
0.717182
0.737
0.756847
0.751611
0.701074
0.721836
0.733159
0.7596
0.733706
0.772852
0.747711
0.786158
0.74892
0.753997
0.760514
0.755082
0.744991
0.73458
0.768639
0.750568
0.744551
0.773018
0.753475
0.671715
0.705095
0.767412
0.721784
0.74018
0.711829
0.771218
0.724017
0.774322
0.737401
0.760739
0.748848
0.765104
0.750462
0.758707
0.76327
0.746372
0.753984
0.734626
0.744491
0.752694
0.726606
0.769619
0.727872
0.741569
0.751814
0.729738
0.769197
0.774069
0.769204
0.742802
0.729897
0.707307
0.736192
0.7238
0.725257
0.756806
0.773718
0.743191
0.772301
0.768681
0.785205
0.76079
0.771675
0.783232
0.774584
0.800258
0.723037
0.748035
0.722787
0.732817
0.742228
0.719688
0.752501
0.731862
0.718685
0.765078
0.759819
0.721908
0.739151
0.753885
0.761813
0.760537
0.754322
0.752914
0.771539
0.744783
0.747984
0.697571
0.738456
0.752494
0.748295
0.769242
0.640132
0.724008
0.730441
0.747646
0.753371
0.74429
0.744728
0.709907
0.753632
0.765015
0.787601
0.770206
0.754627
0.764806
0.73448
0.755883
0.732053
0.704229
0.776372
0.754209
0.753433
0.776638
0.758055
0.771578
0.757433
0.763482
0.748059
0.734105
0.794486
0.730851
0.776716
0.752117
0.780192
0.706301
0.73548
0.757758
0.751016
0.721706
0.730455
0.785746
0.737
0.71982
0.752184
0.782096
0.741751
0.776488
0.713872
0.76946
0.750403
0.733489
0.785184
0.770532
0.757778
0.772236
0.73691
0.787945
0.732394
0.747855
0.773326
0.729969
0.747654
0.688897
0.754341
0.739834
0.765396
0.741548
0.731182
0.757041
0.727441
0.732197
0.706044
0.748127
0.731932
0.773238
0.730264
0.740554
0.735341
0.769309
0.757108
0.753767
0.743635
0.756032
0.760954
0.762847
0.737555
0.780901
0.717567
0.756797
0.734753
0.717881
0.750338
0.724708
0.78219
0.750315
0.745228
0.745014
0.728936
0.725208
0.769381
0.743719
0.763896
0.770007
0.77538
0.771044
0.76743
0.745367
0.736323
0.777465
0.742261
0.746783
0.74654
0.756013
0.751133
0.761846
0.730402
0.73197
0.72205
0.755911
0.752116
0.71175
0.782903
0.733161
0.755183
0.746604
0.735898
0.702505
0.729267
0.771324
0.770363
0.708181
0.744735
0.784847
0.727367
0.758285
0.725293
0.758967
0.751073
0.771574
0.74755
0.716887
0.735741
0.759111
0.753402
0.764453
0.721225
0.772725
0.753545
0.789122
0.780837
0.728628
0.776038
0.794503
0.727313
0.765661
0.782715
0.765187
0.768235
0.749371
0.774271
0.717674
0.729202
0.73841
0.7623
0.771142
0.737143
0.754464
0.767169
0.712094
0.753626
0.765253
0.733843
0.752086
0.781691
0.799476
0.789014
0.714134
0.76123
0.757049
0.740654
0.771729
0.744135
0.733506
0.786064
0.726275
0.729318
0.722818
0.77951
0.775271
0.69086
0.764413
0.719743
0.759965
0.781079
0.686105
0.74872
0.721959
0.758101
0.760097
0.733559
0.755312
0.754427
0.73543
0.735348
0.755348
0.751455
0.707887
0.751356
0.761887
0.786481
0.770353
0.782035
0.748667
0.71667
0.756505
0.735335
0.77325
0.755212
0.744
0.726028
0.76169
0.739911
0.665592
0.698034
0.767374
0.760793
0.763781
0.707436
0.693785
0.764017
0.777973
0.751254
0.752033
0.754397
0.756262
0.700128
0.760071
0.798477
0.720619
0.764856
0.738633
0.7452
0.773559
0.728
0.774606
0.728798
0.740452
0.709716
0.74131
0.758711
0.764554
0.749414
0.739831
0.720027
0.759635
0.767993
0.752028
0.735112
0.72526
0.760541
0.760654
0.749115
0.758683
0.718785
0.746438
0.747833
0.707466
0.759105
0.744361
0.719518
0.768833
0.745313
0.732708
0.767184
0.735539
0.771498
0.773157
0.711357
0.756217
0.769496
0.766481
0.773158
0.730455
0.745625
0.741037
0.765878
0.772886
0.776253
0.740614
0.792172
0.764225
0.76517
0.774903
0.754819
0.729469
0.746247
0.773607
0.777724
0.737921
0.735534
0.75271
0.775821
0.760687
0.734734
0.768019
0.763143
0.765542
0.773655
0.764162
0.754886
0.749312
0.767991
0.738085
0.761136
0.768124
0.75539
0.732679
0.758323
0.74693
0.744238
0.758046
0.757944
0.739211
0.747908
0.738136
0.779537
0.714374
0.735316
0.736879
0.747429
0.729366
0.728001
0.763073
0.71139
0.74739
0.762648
0.756416
0.745876
0.756986
0.774514
0.753669
0.78154
0.742541
0.743186
0.730972
0.771569
0.731667
0.723465
0.753623
0.772267
0.764094
0.753448
0.747761
0.717293
0.71071
0.786122
0.765688
0.72791
0.756024
0.776558
0.767479
0.694098
0.731705
0.755382
0.753808
0.764429
0.750242
0.766027
0.773394
0.744384
0.781946
0.710933
0.743888
0.74376
0.731818
0.739691
0.764234
0.752523
0.767308
0.736172
0.721863
0.765292
0.740735
0.766192
0.761494
0.76611
0.743105
0.75838
0.753042
0.74895
0.71074
0.719975
0.734866
0.722411
0.694634
0.760997
0.755671
0.746712
0.761417
0.752026
0.759269
0.727245
0.779276
0.759165
0.759157
0.736194
0.742262
0.772591
0.739833
0.742255
0.767521
0.777939
0.740819
0.762101
0.76149
0.768203
0.72845
0.72876
0.769084
0.774366
0.68977
0.786067
0.73831
0.730796
0.693363
0.747758
0.733562
0.763836
0.736423
0.697245
0.724395
0.741629
0.704706
0.735681
0.763851
0.759763
0.705303
0.746195
0.772026
0.719278
0.722256
0.750993
0.73072
0.718225
0.755971
0.787018
0.778742
0.741666
0.75295
0.750072
0.761609
0.740466
0.731495
0.747262
0.737358
0.712466
0.761094
0.745107
0.753753
0.741298
0.752474
0.742934
0.745151
0.754494
0.750191
0.733429
0.729638
0.763603
0.735335
0.756887
0.789676
0.786424
0.731618
0.757253
0.783339
0.753208
0.738193
0.718243
0.7504
0.694336
0.712736
0.746056
0.758509
0.752281
0.726712
0.782824
0.724415
0.75797
0.691321
0.773392
0.760004
0.713476
0.737917
0.72749
0.799077
0.755031
0.725842
0.720882
0.715
0.721003
0.772712
0.763645
0.731841
0.766789
0.728429
0.757945
0.779319
0.738315
0.738626
0.730999
0.752052
0.76797
0.736249
0.75069
0.730343
0.747705
0.764054
0.737505
0.765256
0.733182
0.762039
0.72791
0.770724
0.777093
0.762146
0.75882
0.706024
0.773348
0.7581
0.755017
0.773233
0.764948
0.762818
0.727637
0.714797
0.758784
0.751721
0.777727
0.742123
0.787874
0.718974
0.757267
0.721182
0.779627
0.763964
0.780286
0.771083
0.770471
0.67964
0.75877
0.777637
0.729023
0.71792
0.747235
0.745606
0.745964
0.737261
0.691497
0.749207
0.755991
0.76354
0.782671
0.772778
0.706963
0.710695
0.747646
0.750636
0.738992
0.770542
0.725368
0.754709
0.784897
0.755833
0.723289
0.731216
0.747456
0.736383
0.768342
0.755525
0.739166
0.698274
0.739755
0.707778
0.724086
0.75749
0.769891
0.751604
0.733357
0.762493
0.774509
0.740919
0.758096
0.755401
0.74585
0.779349
0.787019
0.748256
0.779311
0.72345
0.740135
0.805122
0.724774
0.738911
0.741409
0.696516
0.772421
0.746286
0.764118
0.727441
0.746258
0.777779
0.774094
0.712666
0.748994
0.735188
0.685712
0.78967
0.755527
0.723921
0.74002
0.744143
0.757999
0.760307
0.734366
0.699166
0.730209
0.763954
0.705319
0.709122
0.717604
0.772289
0.776736
0.727805
0.728213
0.79497
0.730408
0.725152
0.760742
0.769723
0.745618
0.735327
0.768055
0.761136
0.756748
0.769056
0.781836
0.680703
0.802928
0.729424
0.758255
0.764603
0.762973
0.759788
0.766387
0.772651
0.740584
0.770106
0.756912
0.719785
0.729578
0.748462
0.703972
0.74558
0.76167
0.762567
0.739221
0.736821
0.77231
0.758689
0.71103
0.752792
0.780584
0.781395
0.749188
0.713852
0.756812
0.763354
0.738131
0.760758
0.739029
0.770383
0.657139
0.722515
0.757192
0.763064
0.709739
0.768552
0.735116
0.745567
0.755881
0.754305
0.735705
0.770211
0.773715
0.721256
0.795008
0.745782
0.739781
0.740507
0.765535
0.728188
0.749172
0.76939
0.749383
0.719546
0.729143
0.732775
0.763668
0.721639
0.7389
0.730444
0.730148
0.751784
0.775149
0.763761
0.790684
0.752627
0.735549
0.779367
0.737582
0.756215
0.747961
0.757395
0.74584
0.720302
0.775792
0.719947
0.764141
0.762927
0.752671
0.773155
0.761961
0.770561
0.730918
0.773137
0.715511
0.763601
0.723042
0.737464
0.746542
0.775819
0.776863
0.758415
0.733075
0.725386
0.712098
0.729568
0.725654
0.784747
0.71009
0.761614
0.771535
0.724793
0.762023
0.730823
0.747063
0.720425
0.773369
0.76713
0.728282
0.706938
0.746279
0.710148
0.759715
0.771714
0.76139
0.716372
0.744312
0.741007
0.741778
0.76526
0.77182
0.754143
0.74887
0.748258
0.701812
0.751975
0.743678
0.760918
0.76536
0.781854
0.741246
0.790346
0.758247
0.752244
0.783845
0.772588
0.662346
0.759239
0.78034
0.701166
0.723488
0.74122
0.752098
0.744018
0.749592
0.743773
0.770419
0.740633
0.762532
0.731012
0.768641
0.738646
0.745379
0.754435
0.736833
0.751935
0.731168
0.74985
0.768176
0.780785
0.776614
0.738451
0.772632
0.727165
0.733297
0.755409
0.75498
0.764371
0.746176
0.747534
0.734634
0.738611
0.733912
0.731665
0.722302
0.766748
0.747872
0.767908
0.772301
0.729545
0.748453
0.762714
0.758615
0.76422
0.765177
0.77414
0.793335
0.723402
0.740952
0.704115
0.717816
0.755432
0.699753
0.764006
0.763191
0.753183
0.731607
0.732832
0.771113
0.724428
0.753184
0.75646
0.784685
0.760713
0.749539
0.733218
0.7587
0.775894
0.757146
0.760121
0.743703
0.757711
0.726731
0.74118
0.741615
0.733143
0.776079
0.71669
0.688915
0.746137
0.734692
0.747226
0.770264
0.767846
0.724197
0.765128
0.762904
0.74914
0.767845
0.750033
0.723058
0.756809
0.766919
0.780018
0.722654
0.748374
0.784686
0.685695
0.71852
0.764813
0.7339
0.738972
0.764973
0.727408
0.767471
0.744358
0.769528
0.744337
0.741761
0.751493
0.757171
0.74656
0.758484
0.731399
0.690507
0.759705
0.742275
0.72295
0.761209
0.743182
0.751197
0.761045
0.774494
0.749355
0.767267
0.724774
0.739008
0.739621
0.788639
0.730647
0.756422
0.757107
0.741729
0.755359
0.713592
0.756208
0.751682
0.733313
0.748191
0.718695
0.742447
0.763623
0.713156
0.717664
0.729961
0.784922
0.740928
0.749436
0.764157
0.725016
0.729295
0.735189
0.67417
0.757321
0.738896
0.719655
0.751922
0.772817
0.74776
0.775081
0.715742
0.753923
0.771159
0.754428
0.784202
0.752208
0.75865
0.725213
0.773038
0.666977
0.78089
0.747374
0.748827
0.75408
0.749038
0.735649
0.75811
0.734559
0.745874
0.745436
0.759075
0.723774
0.742667
0.744856
0.746169
0.755102
0.747476
0.682768
0.767925
0.75029
0.744625
0.749361
0.746405
0.786231
0.742836
0.748363
0.728464
0.769824
0.768336
0.754251
0.747855
0.758361
0.783783
0.769696
0.750461
0.756435
0.745014
0.734806
0.767014
0.736837
0.750162
0.747948
0.698802
0.732781
0.739135
0.734554
0.740827
0.738982
0.745555
0.777277
0.691033
0.731573
0.738598
0.746822
0.758507
0.722758
0.727825
0.749779
0.730571
0.765907
0.700104
0.732504
0.770819
0.760286
0.715798
0.744491
0.745624
0.772853
0.743851
0.763647
0.74199
0.713027
0.749487
0.775284
0.680836
0.759674
0.718704
0.740157
0.781244
0.740967
0.773734
0.708457
0.78792
0.72645
0.744684
0.709382
0.753857
0.750436
0.737414
0.756139
0.698525
0.722814
0.76152
0.728498
0.722679
0.771157
0.74632
0.786748
0.767466
0.691353
0.739753
0.745135
0.759612
0.753153
0.74884
0.743907
0.759725
0.751644
0.760658
0.726541
0.755338
0.761921
0.729181
0.769158
0.775158
0.760349
0.743461
0.743152
0.755995
0.719109
0.769461
0.752404
0.686894
0.760535
0.723386
0.75949
0.748766
0.731016
0.730322
0.731741
0.765661
0.757949
0.730515
0.769173
0.741345
0.776517
0.741188
0.748305
0.751979
0.72412
0.735823
0.692215
0.778381
0.757637
0.750603
0.790723
0.734957
0.749899
0.747374
0.757165
0.752126
0.706193
0.766284
0.761262
0.753581
0.651331
0.76397
0.756955
0.767805
0.750245
0.759018
0.75559
0.754851
0.780207
0.712196
0.744342
0.760179
0.762669
0.708655
0.738712
0.769586
0.77143
0.745769
0.747436
0.747095
0.753965
0.745265
0.715547
0.775525
0.767552
0.75323
0.7704
0.751855
0.745914
0.766184
0.757446
0.743555
0.74099
0.773452
0.745347
0.745172
0.737548
0.715268
0.75011
0.74994
0.734113
0.705485
0.750553
0.785521
0.765898
0.78562
0.727362
0.756407
0.758027
0.751432
0.755919
0.77103
0.744084
0.747856
0.732743
0.776968
0.735147
0.747165
0.686394
0.701188
0.68533
0.733629
0.75823
0.765016
0.704432
0.762272
0.746177
0.754536
0.751281
0.750591
0.758196
0.760133
0.733257
0.747775
0.736043
0.730551
0.758573
0.756427
0.796935
0.701532
0.73034
0.708457
0.739748
0.772714
0.75151
0.742596
0.764824
0.773365
0.730663
0.773241
0.693297
0.762787
0.700722
0.787224
0.719987
0.790872
0.772188
0.73076
0.720575
0.761527
0.743162
0.744503
0.753385
0.801096
0.746433
0.723337
0.72671
0.717308
0.744611
0.730439
0.76329
0.74538
0.753678
0.733186
0.724735
0.709062
0.756776
0.771519
0.669538
0.748318
0.762937
0.714478
0.794352
0.756657
0.745995
0.752829
0.695299
0.735988
0.736537
0.731947
0.764996
0.789685
0.748152
0.727921
0.750751
0.76648
0.733737
0.776217
0.746051
0.726469
0.770377
0.786359
0.7656
0.781822
0.773614
0.731813
0.763848
0.747549
0.782517
0.735338
0.769753
0.723094
0.785675
0.782702
0.786014
0.765211
0.739034
0.726219
0.762553
0.738829
0.775353
0.746859
0.740805
0.701468
0.770733
0.747649
0.736434
0.751397
0.747167
0.771843
0.750458
0.761202
0.723192
0.69371
0.754489
0.769874
0.734109
0.761756
0.743257
0.705322
0.775226
0.755767
0.718352
0.743951
0.77894
0.756087
0.710186
0.77237
0.738979
0.740611
0.726627
0.765439
0.730115
0.730524
0.759059
0.771433
0.763175
0.765091
0.767436
0.712448
0.744831
0.752253
0.74159
0.770158
0.748791
0.744342
0.766094
0.734836
0.733735
0.72018
0.746854
0.747659
0.770354
0.740216
0.756694
0.75884
0.760808
0.71426
0.768113
0.739663
0.775163
0.777866
0.749683
0.734041
0.760075
0.746333
0.750463
0.763178
0.745671
0.747793
0.741655
0.730042
0.749112
0.716805
0.761752
0.764148
0.767609
0.760099
0.797484
0.748865
0.779182
0.704523
0.72607
0.724078
0.775904
0.684439
0.736923
0.73157
0.742574
0.74596
0.692165
0.778235
0.740894
0.725402
0.772067
0.693868
0.758425
0.733291
0.77264
0.735127
0.771465
0.735535
0.71998
0.745962
0.721933
0.772369
0.765862
0.747644
0.775968
0.760915
0.738812
0.737341
0.693598
0.769432
0.751776
0.759473
0.713693
0.756906
0.750083
0.723403
0.754053
0.757727
0.757824
0.732143
0.752846
0.732295
0.761981
0.719402
0.798569
0.794974
0.770274
0.778202
0.739005
0.781526
0.739828
0.71323
0.736888
0.736256
0.717422
0.789062
0.775954
0.769086
0.736815
0.777299
0.743063
0.753835
0.718922
0.719837
0.744851
0.77628
0.759227
0.739848
0.75627
0.766874
0.766316
0.721216
0.762133
0.766127
0.722786
0.741399
0.729237
0.735378
0.742164
0.780349
0.750683
0.744749
0.747901
0.763342
0.761905
0.746028
0.758419
0.719879
0.786228
0.73228
0.764848
0.733244
0.716591
0.749082
0.760162
0.735922
0.742017
0.746515
0.754412
0.750649
0.740556
0.739541
0.719862
0.738695
0.757577
0.742958
0.768568
0.723944
0.719188
0.75696
0.745965
0.779542
0.728895
0.764255
0.749069
0.767029
0.734089
0.732752
0.732217
0.753403
0.677571
0.736387
0.73583
0.731281
0.787727
0.739326
0.744319
0.758902
0.779927
0.773677
0.748206
0.735741
0.739647
0.747048
0.770585
0.760247
0.735615
0.757282
0.724184
0.776885
0.743216
0.752197
0.758032
0.750713
0.746789
0.752444
0.758419
0.775292
0.750667
0.721956
0.742098
0.721499
0.73374
0.700074
0.75536
0.739873
0.744461
0.727741
0.738483
0.749038
0.764054
0.757464
0.777422
0.750457
0.733456
0.715301
0.742356
0.746382
0.74266
0.758272
0.756618
0.771129
0.758824
0.749069
0.721171
0.764727
0.77621
0.733302
0.731774
0.788462
0.752484
0.743085
0.7535
0.77739
0.747899
0.718924
0.758513
0.731941
0.730897
0.726356
0.707834
0.7809
0.703309
0.73161
0.693768
0.761432
0.761755
0.767856
0.74805
0.738329
0.755057
0.766076
0.743001
0.751723
0.792829
0.779381
0.767676
0.756323
0.760426
0.739007
0.746602
0.771058
0.759436
0.748416
0.738994
0.730177
0.755041
0.728033
0.726376
0.756508
0.725368
0.737577
0.703799
0.773248
0.740662
0.745122
0.760236
0.767764
0.767266
0.744638
0.704242
0.70965
0.714984
0.731057
0.735758
0.777492
0.777395
0.75372
0.731054
0.785109
0.726077
0.756676
0.734353
0.744269
0.701109
0.792862
0.731912
0.762007
0.7516
0.749697
0.748694
0.743023
0.754726
0.723
0.772471
0.75835
0.749274
0.679706
0.767164
0.793808
0.781682
0.754024
0.726553
0.72183
0.738883
0.754259
0.680712
0.741951
0.771698
0.768335
0.766687
0.763493
0.735026
0.733296
0.734897
0.773451
0.784623
0.767265
0.745236
0.757649
0.726321
0.723041
0.755019
0.761279
0.739157
0.754157
0.768796
0.784612
0.739009
0.762588
0.720472
0.746534
0.780953
0.722597
0.748083
0.754735
0.759861
0.762075
0.701129
0.746007
0.786208
0.76722
0.723723
0.776199
0.786686
0.764319
0.730507
0.751579
0.764914
0.74501
0.747402
0.750569
0.785117
0.731087
0.744901
0.747481
0.738552
0.727308
0.776848
0.754256
0.745367
0.793232
0.74816
0.76661
0.752978
0.761692
0.779312
0.751996
0.763585
0.719405
0.754941
0.778648
0.709229
0.744326
0.733274
0.755626
0.725008
0.769693
0.739739
0.69153
0.731397
0.770125
0.765138
0.738648
0.744516
0.728322
0.797634
0.780348
0.75846
0.741276
0.731648
0.753032
0.752565
0.767715
0.73765
0.76057
0.776372
0.773306
0.786614
0.743741
0.741918
0.761217
0.713024
0.748643
0.749432
0.745029
0.754238
0.720438
0.78989
0.770357
0.751837
0.745049
0.738647
0.754985
0.786522
0.743249
0.749455
0.770529
0.745202
0.75847
0.741824
0.747973
0.732483
0.711933
0.785491
0.752105
0.754854
0.75159
0.723742
0.715019
0.753819
0.787358
0.702387
0.749857
0.730838
0.704466
0.726378
0.755007
0.77146
0.734794
0.7289
0.737605
0.755871
0.76694
0.760494
0.754735
0.762664
0.736649
0.710607
0.770093
0.672704
0.707328
0.748773
0.717887
0.731292
0.758317
0.74201
0.735593
0.750004
0.784558
0.734524
0.772841
0.772732
0.75551
0.737296
0.766391
0.761004
0.752428
0.760535
0.749301
0.772572
0.721259
0.740671
0.755562
0.728821
0.772425
0.733008
0.782903
0.73293
0.75746
0.689972
0.788268
0.764004
0.75126
0.802195
0.751767
0.743349
0.728319
0.745284
0.728002
0.782401
0.747467
0.731267
0.760826
0.727067
0.748521
0.762938
0.739009
0.747127
0.744425
0.772619
0.780013
0.73458
0.739433
0.749773
0.754396
0.763139
0.704648
0.786042
0.777516
0.741818
0.757794
0.78045
0.760388
0.754444
0.732124
0.745347
0.756228
0.73648
0.777429
0.764352
0.749724
0.765924
0.772901
0.733433
0.726805
0.780435
0.741181
0.683727
0.742799
0.763479
0.759252
0.759726
0.758278
0.743122
0.749667
0.716154
0.769895
0.749018
0.743799
0.757042
0.73147
0.796474
0.763497
0.747187
0.775814
0.755895
0.76362
0.772659
0.762534
0.700341
0.736373
0.728988
0.775979
0.777533
0.758958
0.730428
0.734978
0.773049
0.769652
0.723416
0.766165
0.747591
0.713017
0.747671
0.753271
0.776459
0.789595
0.748242
0.76237
0.777093
0.774171
0.771037
0.755867
0.743413
0.761566
0.749569
0.780568
0.75703
0.712424
0.752715
0.747408
0.721756
0.765638
0.727281
0.736013
0.765841
0.733924
0.774393
0.718836
0.786769
0.781258
0.747117
0.73771
0.762537
0.738425
0.733695
0.774682
0.732158
0.741215
0.713191
0.722291
0.694431
0.754939
0.731805
0.785855
0.75871
0.75874
0.766251
0.723371
0.768054
0.751771
0.745614
0.736747
0.752568
0.730022
0.760908
0.715135
0.709009
0.736475
0.739887
0.76479
0.769836
0.759486
0.755625
0.737093
0.751759
0.769645
0.795436
0.76645
0.731885
0.741232
0.765271
0.740641
0.742272
0.746225
0.714792
0.71465
0.78304
0.755939
0.756137
0.77342
0.73179
0.761794
0.755304
0.715085
0.765291
0.781027
0.765868
0.757448
0.723467
0.766421
0.765141
0.759865
0.734019
0.754654
0.758554
0.73372
0.753492
0.744616
0.743275
0.742698
0.697738
0.727459
0.74962
0.742435
0.707564
0.758209
0.759981
0.763036
0.753156
0.77135
0.730343
0.759421
0.732801
0.737362
0.75366
0.706038
0.74583
0.747331
0.768838
0.756295
0.758629
0.707508
0.745042
0.711743
0.739303
0.737827
0.751596
0.733725
0.736155
0.736396
0.743912
0.765544
0.777621
0.787448
0.747307
0.757455
0.73814
0.768207
0.73118
0.756674
0.769783
0.753163
0.737729
0.768812
0.751973
0.79542
0.772793
0.773273
0.758188
0.734198
0.78403
0.791231
0.739075
0.720885
0.713404
0.764107
0.759276
0.688188
0.724856
0.757096
0.771009
0.722412
0.736425
0.717807
0.769316
0.715048
0.783901
0.749278
0.765796
0.760216
0.742376
0.768835
0.747453
0.777612
0.736017
0.76891
0.762997
0.748324
0.703679
0.789812
0.724171
0.742003
0.769219
0.752545
0.749526
0.772913
0.718437
0.740494
0.737671
0.697393
0.792656
0.797226
0.733896
0.767326
0.726728
0.714349
0.737088
0.748593
0.735561
0.772785
0.733874
0.759046
0.755834
0.748863
0.748417
0.727367
0.780492
0.765161
0.749309
0.727171
0.729203
0.698783
0.739069
0.764157
0.686029
0.738603
0.760055
0.727848
0.732627
0.737327
0.76796
0.721284
0.757816
0.698985
0.721404
0.687633
0.742957
0.757607
0.721949
0.76552
0.742304
0.747151
0.713849
0.719597
0.749558
0.703833
0.734356
0.743679
0.749514
0.741573
0.673422
0.787498
0.778536
0.776546
0.769028
0.746932
0.756233
0.776025
0.768525
0.796175
0.77264
0.765149
0.730568
0.758307
0.755214
0.772861
0.703232
0.743577
0.745965
0.769048
0.760432
0.78714
0.754017
0.754448
0.742004
0.755199
0.715986
0.746012
0.80465
0.746744
0.73737
0.736318
0.751616
0.757135
0.761939
0.724233
0.707321
0.775131
0.756556
0.758451
0.780338
0.765226
0.77865
0.735902
0.741683
0.721525
0.7391
0.763522
0.700327
0.749639
0.710612
0.766163
0.793672
0.760039
0.733118
0.697077
0.748212
0.787499
0.700671
0.743938
0.773573
0.719773
0.7772
0.755826
0.739506
0.750617
0.772333
0.730454
0.753519
0.754599
0.726192
0.725411
0.805767
0.732974
0.775382
0.769996
0.72716
0.752682
0.779166
0.783888
0.749064
0.752692
0.733986
0.728568
0.74747
0.772083
0.747777
0.705502
0.764416
0.722435
0.742556
0.677774
0.745825
0.729353
0.730225
0.733744
0.751975
0.712931
0.736956
0.776661
0.75434
0.734462
0.77255
0.709324
0.771911
0.74527
0.700423
0.731525
0.756489
0.713085
0.76999
0.71051
0.771449
0.748939
0.761137
0.778943
0.735797
0.740459
0.73628
0.671191
0.772704
0.761814
0.743237
0.775561
0.68119
0.723323
0.7629
0.762633
0.749728
0.761393
0.77551
0.786568
0.779866
0.74301
0.730597
0.775813
0.729845
0.74586
0.709022
0.781333
0.751534
0.77791
0.737759
0.75773
0.757812
0.777609
0.748831
0.743443
0.758406
0.777798
0.735821
0.760314
0.747069
0.729397
0.76704
0.740495
0.78965
0.718718
0.749483
0.765984
0.75132
0.728193
0.739801
0.745344
0.770084
0.717076
0.761669
0.756949
0.725878
0.733809
0.752419
0.782258
0.763613
0.740148
0.76219
0.713394
0.75532
0.774949
0.763145
0.750517
0.762766
0.745335
0.723172
0.739977
0.782151
0.757644
0.763978
0.760872
0.752957
0.750857
0.730714
0.751948
0.765453
0.739905
0.750557
0.754498
0.660675
0.762604
0.736931
0.754923
0.762677
0.743502
0.73812
0.734577
0.774589
0.740157
0.754991
0.763263
0.778247
0.735065
0.731762
0.723064
0.777878
0.753767
0.781993
0.725208
0.783651
0.750528
0.764573
0.755814
0.746224
0.775019
0.755763
0.736966
0.765163
0.734508
0.766757
0.792947
0.739863
0.780651
0.723376
0.771158
0.761922
0.751982
0.722638
0.755069
0.766493
0.764394
0.766757
0.765008
0.757808
0.772646
0.78086
0.767983
0.776821
0.734801
0.736607
0.756134
0.763064
0.751298
0.756536
0.706262
0.720616
0.741141
0.727601
0.779133
0.748593
0.764591
0.753819
0.759226
0.737295
0.722745
0.746873
0.756537
0.732269
0.748786
0.719655
0.802811
0.774814
0.772342
0.768054
0.735476
0.740125
0.723301
0.744338
0.756659
0.735059
0.747106
0.701672
0.746877
0.742913
0.735726
0.713269
0.7532
0.754758
0.756579
0.749133
0.720159
0.750495
0.786386
0.773302
0.722825
0.744928
0.776583
0.745629
0.766874
0.717943
0.734619
0.755395
0.783755
0.762845
0.716069
0.755183
0.740418
0.742723
0.723859
0.74451
0.761654
0.766906
0.754603
0.750188
0.75106
0.730573
0.744539
0.763678
0.75772
0.751424
0.750307
0.754887
0.753028
0.742357
0.746757
0.736355
0.767156
0.794548
0.729493
0.754547
0.764912
0.732218
0.729412
0.702367
0.76665
0.774231
0.791959
0.724458
0.757906
0.756545
0.781066
0.720715
0.740674
0.71544
0.75499
0.753109
0.766126
0.70853
0.753375
0.713132
0.710047
0.767655
0.777804
0.75113
0.751971
0.747534
0.712439
0.750428
0.744592
0.774342
0.740328
0.760464
0.772874
0.735421
0.740496
0.730307
0.772937
0.761209
0.722104
0.76186
0.751411
0.773366
0.725495
0.766309
0.751109
0.749369
0.66674
0.747742
0.779062
0.734884
0.738958
0.750725
0.756658
0.735286
0.75691
0.764692
0.772074
0.76826
0.767111
0.742604
0.675594
0.753168
0.785803
0.756937
0.726402
0.775096
0.733755
0.752874
0.764787
0.73694
0.749925
0.749368
0.767258
0.745508
0.774216
0.781528
0.734358
0.767747
0.78149
0.717511
0.69573
0.762408
0.767262
0.75097
0.729239
0.729379
0.747656
0.759273
0.734179
0.717072
0.754074
0.74012
0.78046
0.758698
0.743609
0.713676
0.734847
0.763913
0.720835
0.758782
0.758183
0.756559
0.77759
0.759759
0.723924
0.717583
0.743151
0.746725
0.713429
0.778099
0.762312
0.718147
0.763374
0.688442
0.768249
0.74656
0.754858
0.73931
0.769833
0.722082
0.761067
0.793578
0.700657
0.735725
0.761694
0.768996
0.787946
0.735453
0.752472
0.720134
0.749629
0.758538
0.764543
0.746351
0.747301
0.758663
0.768929
0.730843
0.732178
0.718971
0.717367
0.734975
0.765418
0.739469
0.752393
0.750271
0.756193
0.747914
0.775942
0.782228
0.779925
0.73714
0.766683
0.758355
0.725711
0.769091
0.757159
0.740901
0.763528
0.717974
0.787993
0.7227
0.732639
0.743629
0.753884
0.756958
0.751224
0.739414
0.755884
0.78426
0.732647
0.720788
0.762668
0.763686
0.774769
0.768792
0.759126
0.763986
0.755271
0.72483
0.764781
0.730498
0.752002
0.739065
0.761008
0.763835
0.774403
0.738622
0.747202
0.795321
0.73948
0.757426
0.74263
0.757305
0.704967
0.756238
0.739542
0.721031
0.740464
0.76943
0.756441
0.77586
0.721535
0.722485
0.746916
0.743133
0.756717
0.709971
0.758907
0.760419
0.731475
0.774846
0.743665
0.71653
0.762104
0.750783
0.754099
0.788006
0.724855
0.778071
0.762576
0.738171
0.763101
0.725997
0.78138
0.738596
0.742661
0.721863
0.745801
0.749034
0.741995
0.776911
0.774073
0.711529
0.757719
0.772911
0.709057
0.766462
0.740457
0.738338
0.712106
0.772526
0.762162
0.742788
0.721345
0.771696
0.718329
0.755071
0.737157
0.715936
0.754726
0.765167
0.721562
0.738506
0.739565
0.72989
0.727821
0.766704
0.731369
0.7618
0.758897
0.751391
0.763399
0.785543
0.746262
0.771257
0.769829
0.720149
0.698934
0.74744
0.751661
0.752944
0.738357
0.738428
0.773949
0.735857
0.774648
0.757688
0.765349
0.740256
0.773419
0.788919
0.778463
0.756405
0.712384
0.776882
0.746827
0.774898
0.730381
0.750314
0.748156
0.760663
0.752117
0.724793
0.748225
0.723433
0.719427
0.732736
0.767829
0.740815
0.74004
0.765358
0.711882
0.756108
0.750269
0.740556
0.743963
0.761111
0.733101
0.7595
0.692972
0.767444
0.758093
0.763771
0.726882
0.727969
0.758385
0.739943
0.738011
0.751315
0.735437
0.781943
0.737958
0.726239
0.743847
0.701659
0.744403
0.739325
0.714429
0.764047
0.774665
0.752328
0.704264
0.786948
0.77847
0.780345
0.764673
0.740168
0.761453
0.690746
0.771916
0.725434
0.753242
0.744198
0.742771
0.728705
0.694046
0.733039
0.769092
0.664303
0.746008
0.736218
0.751836
0.780968
0.698635
0.739089
0.761012
0.742972
0.763526
0.706056
0.721479
0.753655
0.749372
0.722273
0.758399
0.743203
0.758399
0.736341
0.734496
0.733846
0.765323
0.725313
0.76695
0.730441
0.771926
0.744896
0.750836
0.762552
0.74161
0.72287
0.722915
0.744553
0.76316
0.770926
0.793104
0.706401
0.764296
0.786516
0.788685
0.764433
0.749691
0.771951
0.770878
0.763428
0.737781
0.76595
0.756852
0.773797
0.753112
0.739263
0.744354
0.768127
0.75956
0.718575
0.751347
0.722067
0.731617
0.733467
0.70944
0.741924
0.725042
0.729052
0.734839
0.719431
0.757786
0.770542
0.755806
0.729237
0.753699
0.767049
0.767049
0.763789
0.756188
0.73235
0.76296
0.716152
0.751935
0.737578
0.742537
0.741542
0.749151
0.740637
0.758811
0.717285
0.753052
0.758308
0.727853
0.727734
0.764894
0.74043
0.732775
0.76641
0.768828
0.768294
0.72122
0.722893
0.738091
0.771072
0.79277
0.732504
0.745903
0.721865
0.739411
0.778522
0.750058
0.728334
0.754744
0.785774
0.752032
0.740317
0.765244
0.770634
0.762645
0.739857
0.749165
0.715107
0.754381
0.783518
0.771868
0.702271
0.78301
0.760739
0.751321
0.701814
0.713313
0.725756
0.785798
0.738834
0.757225
0.724444
0.730578
0.717278
0.780301
0.78199
0.758139
0.753798
0.7791
0.771019
0.759273
0.762943
0.778739
0.777825
0.773027
0.745866
0.711337
0.731259
0.737757
0.765884
0.701853
0.741791
0.714544
0.743512
0.772895
0.77533
0.769456
0.726483
0.771238
0.729543
0.756111
0.728018
0.737669
0.754565
0.756475
0.777097
0.723401
0.763794
0.762044
0.744226
0.756652
0.714125
0.781139
0.746321
0.721706
0.762528
0.765512
0.680279
0.767983
0.705958
0.773732
0.691552
0.698149
0.775444
0.784828
0.773252
0.744517
0.766398
0.711795
0.757559
0.766263
0.770776
0.748188
0.770115
0.732493
0.708847
0.723399
0.743806
0.717211
0.698563
0.764045
0.731776
0.77391
0.740896
0.709151
0.737313
0.727963
0.733976
0.732059
0.749332
0.775413
0.733533
0.756384
0.69198
0.737527
0.754031
0.763383
0.703526
0.781676
0.714912
0.779473
0.705444
0.758465
0.755019
0.745679
0.744081
0.732472
0.746753
0.708716
0.747883
0.725163
0.742514
0.76107
0.752321
0.751326
0.752211
0.73784
0.715965
0.747503
0.749521
0.77982
0.730055
0.732016
0.746059
0.774041
0.770525
0.722261
0.737027
0.758582
0.752168
0.752469
0.770726
0.778039
0.781853
0.727421
0.740858
0.705178
0.749202
0.755811
0.764602
0.763578
0.75304
0.766967
0.776326
0.755324
0.718327
0.762428
0.738136
0.727775
0.726025
0.779751
0.728223
0.748888
0.758246
0.785131
0.72722
0.758516
0.736897
0.73479
0.760872
0.714237
0.708911
0.777336
0.703639
0.771612
0.755213
0.689757
0.739522
0.765083
0.674426
0.743988
0.727781
0.767706
0.769216
0.772821
0.742733
0.715175
0.739195
0.7311
0.768176
0.73952
0.735258
0.702226
0.754247
0.771794
0.78858
0.692629
0.760626
0.777403
0.758684
0.770345
0.745962
0.755728
0.774366
0.727606
0.737939
0.707803
0.760894
0.706184
0.753504
0.764151
0.747615
0.718472
0.743552
0.770547
0.703593
0.753475
0.739542
0.773201
0.761621
0.736307
0.751826
0.742383
0.734692
0.75691
0.758465
0.703905
0.779279
0.747484
0.734912
0.739924
0.716714
0.74149
0.711395
0.739815
0.772144
0.741734
0.71495
0.775707
0.765575
0.779113
0.719493
0.761214
0.756346
0.773689
0.737252
0.728635
0.734047
0.759922
0.747539
0.745777
0.731298
0.787372
0.760537
0.744314
0.727055
0.778386
0.759442
0.761456
0.730759
0.749643
0.786229
0.766021
0.765921
0.764645
0.750498
0.751373
0.750429
0.771605
0.745014
0.727419
0.756802
0.732848
0.768623
0.748786
0.7616
0.73261
0.74655
0.702932
0.777446
0.792057
0.7863
0.751211
0.707133
0.774202
0.75817
0.748076
0.752764
0.712989
0.743598
0.723435
0.75299
0.765957
0.789188
0.755307
0.723174
0.75076
0.760506
0.739735
0.739577
0.766911
0.758046
0.735072
0.748786
0.736502
0.757725
0.751135
0.740944
0.743339
0.7231
0.748699
0.701286
0.735634
0.776686
0.747002
0.724212
0.724967
0.727767
0.771219
0.772289
0.661739
0.773902
0.753412
0.759711
0.753871
0.77372
0.742723
0.765014
0.771378
0.755339
0.760854
0.782234
0.786071
0.764384
0.752363
0.739842
0.784529
0.715194
0.764958
0.725309
0.754653
0.737179
0.745363
0.761255
0.73075
0.73903
0.7597
0.725904
0.744709
0.742993
0.750953
0.740332
0.759251
0.768398
0.743155
0.764167
0.77604
0.747859
0.681931
0.729306
0.76561
0.767318
0.75543
0.763031
0.734942
0.704247
0.74427
0.772267
0.738126
0.768265
0.704328
0.732285
0.769662
0.723485
0.742641
0.7662
0.763196
0.732628
0.769076
0.755686
0.723727
0.737982
0.771411
0.767424
0.704553
0.756806
0.757797
0.724514
0.702503
0.75547
0.770889
0.770234
0.735913
0.759276
0.773286
0.748134
0.729411
0.783341
0.712965
0.674427
0.752962
0.690202
0.725167
0.753967
0.724181
0.766361
0.723435
0.734774
0.768553
0.780361
0.744203
0.75875
0.743119
0.747291
0.759609
0.737084
0.715158
0.773415
0.774119
0.729874
0.764197
0.751354
0.718576
0.76229
0.734805
0.73042
0.770019
0.732292
0.693266
0.758259
0.748872
0.74661
0.747517
0.779477
0.758813
0.735294
0.744632
0.728284
0.746401
0.77586
0.702927
0.736472
0.764117
0.751938
0.74057
0.785441
0.715954
0.711069
0.788402
0.753866
0.716282
0.701692
0.796241
0.763952
0.766701
0.76117
0.73907
0.736357
0.770526
0.729046
0.76703
0.777221
0.773181
0.748317
0.71208
0.772692
0.728367
0.751697
0.702299
0.755437
0.762758
0.764623
0.766091
0.751826
0.75604
0.69803
0.770571
0.750927
0.745792
0.713025
0.742175
0.77276
0.736478
0.765072
0.754653
0.757619
0.762713
0.75949
0.765049
0.754351
0.767559
0.777675
0.750288
0.760591
0.746451
0.777049
0.730537
0.76707
0.73368
0.701714
0.749041
0.733972
0.762529
0.751858
0.777737
0.722721
0.769949
0.734051
0.746951
0.71193
0.730851
0.775453
0.729513
0.743159
0.765959
0.759465
0.760296
0.781587
0.764177
0.749847
0.752733
0.750333
0.743091
0.762695
0.772594
0.749369
0.764004
0.768821
0.744575
0.751057
0.731847
0.752093
0.744904
0.759243
0.751563
0.787661
0.731142
0.755277
0.761311
0.732616
0.72765
0.723025
0.762709
0.711904
0.789368
0.7434
0.745688
0.738512
0.774599
0.717068
0.731854
0.690498
0.768763
0.785499
0.753205
0.764114
0.759318
0.737888
0.783179
0.751721
0.779004
0.744267
0.755621
0.753043
0.729115
0.717198
0.761165
0.743773
0.765199
0.743779
0.722398
0.730603
0.752532
0.749535
0.744857
0.7497
0.763416
0.733916
0.768117
0.763027
0.748391
0.745551
0.710237
0.794671
0.751815
0.687741
0.779816
0.773279
0.703946
0.794115
0.708643
0.774492
0.732337
0.758292
0.725335
0.750678
0.771839
0.75435
0.74861
0.728207
0.723409
0.736698
0.766883
0.714147
0.762233
0.779922
0.765481
0.741946
0.761177
0.716542
0.764454
0.760679
0.677002
0.750658
0.779341
0.716804
0.730718
0.765113
0.771146
0.730442
0.755282
0.784092
0.700609
0.746539
0.751881
0.759194
0.771383
0.769092
0.753956
0.75826
0.736181
0.743166
0.733669
0.746863
0.729174
0.758259
0.749303
0.775875
0.773945
0.756349
0.757937
0.761177
0.734211
0.746877
0.75926
0.756347
0.757274
0.705003
0.754056
0.744718
0.749877
0.789941
0.746466
0.746795
0.739541
0.711482
0.758124
0.763712
0.768392
0.69772
0.751197
0.756911
0.745707
0.739277
0.720385
0.712652
0.742204
0.744499
0.723003
0.767935
0.754111
0.755452
0.754758
0.718795
0.703213
0.772159
0.770404
0.759842
0.719196
0.751488
0.723215
0.739596
0.738605
0.729209
0.764303
0.778434
0.757596
0.779413
0.752746
0.743613
0.742388
0.730193
0.754415
0.748785
0.759775
0.746189
0.752388
0.74507
0.72788
0.744306
0.73621
0.749263
0.777209
0.774809
0.757741
0.72219
0.706412
0.729086
0.786764
0.73629
0.768468
0.709021
0.716604
0.731709
0.732316
0.731488
0.742127
0.719891
0.745986
0.713613
0.789965
0.762085
0.76308
0.764271
0.680909
0.744837
0.77411
0.771957
0.758548
0.713249
0.769596
0.761579
0.763731
0.754075
0.765096
0.748148
0.715616
0.734264
0.720015
0.768614
0.747181
0.768154
0.739889
0.746843
0.762209
0.759559
0.716012
0.741324
0.720557
0.747558
0.769494
0.737393
0.749414
0.769251
0.752821
0.754033
0.746893
0.770928
0.735139
0.734021
0.748265
0.764625
0.74924
0.7641
0.762724
0.766247
0.765508
0.727509
0.734643
0.773018
0.756639
0.736409
0.765465
0.767735
0.752873
0.722876
0.735324
0.768651
0.747539
0.734517
0.748663
0.766719
0.738651
0.6807
0.752718
0.771038
0.743279
0.711236
0.77613
0.754477
0.774288
0.689854
0.782193
0.784534
0.799984
0.728176
0.761204
0.726227
0.799534
0.742681
0.735602
0.740283
0.752645
0.761571
0.725066
0.734799
0.769052
0.739396
0.740009
0.738874
0.722989
0.771014
0.776781
0.780208
0.786215
0.750521
0.771847
0.768189
0.71153
0.747583
0.757098
0.741983
0.760378
0.761502
0.744955
0.769386
0.746342
0.722626
0.789145
0.75471
0.756784
0.773141
0.704888
0.768991
0.786104
0.768817
0.758625
0.715916
0.791184
0.76977
0.766131
0.767911
0.758261
0.760858
0.759462
0.726727
0.76026
0.727274
0.774532
0.754288
0.767853
0.749742
0.764504
0.775651
0.742043
0.747125
0.74319
0.75811
0.74852
0.732789
0.7561
0.743684
0.734184
0.720188
0.70544
0.759574
0.764043
0.691948
0.72702
0.756925
0.775884
0.743896
0.740698
0.721038
0.760802
0.763176
0.743795
0.764827
0.768548
0.746731
0.782808
0.775708
0.725608
0.716632
0.73798
0.760107
0.737572
0.7751
0.769323
0.722403
0.774662
0.748075
0.734493
0.735103
0.731456
0.761746
0.766433
0.733539
0.741822
0.705629
0.748134
0.739874
0.722559
0.736857
0.737514
0.764177
0.742295
0.745902
0.753763
0.696562
0.799108
0.752105
0.729387
0.779814
0.738227
0.743127
0.746005
0.771488
0.748674
0.746307
0.74397
0.756647
0.792743
0.768785
0.735929
0.759197
0.728584
0.774171
0.753565
0.76151
0.744947
0.724803
0.735861
0.757109
0.7615
0.772538
0.744353
0.750989
0.754811
0.685091
0.761448
0.768114
0.742713
0.745991
0.762164
0.770948
0.797528
0.761741
0.730474
0.742407
0.75917
0.660157
0.724537
0.717465
0.763707
0.732037
0.763801
0.761934
0.716935
0.736295
0.755503
0.747922
0.772182
0.741807
0.778695
0.760388
0.766785
0.761378
0.662665
0.707566
0.757451
0.73951
0.75345
0.750206
0.729927
0.738451
0.786202
0.742354
0.730729
0.697797
0.758891
0.727133
0.760038
0.779914
0.779482
0.761293
0.754369
0.742178
0.749984
0.776878
0.755868
0.776146
0.770471
0.742692
0.765038
0.752868
0.704606
0.77913
0.757452
0.74664
0.750093
0.753112
0.763814
0.76711
0.759615
0.731169
0.759693
0.745977
0.700376
0.694727
0.749008
0.756438
0.795445
0.728323
0.742859
0.737239
0.763531
0.735608
0.764091
0.747872
0.790068
0.75075
0.775091
0.76248
0.784396
0.75294
0.757967
0.754863
0.775484
0.741939
0.735674
0.757411
0.742343
0.760062
0.773352
0.695021
0.710822
0.75869
0.716342
0.757328
0.77266
0.797647
0.758298
0.74727
0.74862
0.750924
0.736288
0.724892
0.691331
0.761758
0.756398
0.765795
0.745001
0.750753
0.733845
0.721927
0.757131
0.730006
0.746656
0.778334
0.75098
0.780061
0.737397
0.760537
0.73684
0.747581
0.708818
0.731208
0.75944
0.730046
0.752789
0.789456
0.731396
0.762749
0.755733
0.760521
0.738966
0.702702
0.741638
0.762248
0.761051
0.783137
0.771582
0.743995
0.695921
0.720501
0.717036
0.766439
0.779702
0.765055
0.757706
0.753053
0.766587
0.769147
0.785572
0.748563
0.73723
0.731647
0.733944
0.749244
0.74312
0.71624
0.733337
0.720332
0.706336
0.747075
0.757217
0.721453
0.730218
0.725489
0.746316
0.763256
0.760858
0.772516
0.738237
0.778808
0.769168
0.759326
0.737294
0.710538
0.728968
0.794756
0.731008
0.759019
0.753463
0.752958
0.736323
0.757536
0.714972
0.744065
0.721047
0.726733
0.758424
0.74923
0.737174
0.770402
0.72503
0.752338
0.754131
0.741581
0.761232
0.77727
0.761737
0.747284
0.76098
0.692775
0.713218
0.755665
0.784437
0.761398
0.766454
0.759914
0.716891
0.74385
0.734641
0.732915
0.751451
0.726352
0.779355
0.739201
0.744429
0.765518
0.789868
0.726622
0.704411
0.749076
0.734993
0.755785
0.74918
0.776126
0.755648
0.774133
0.744098
0.739669
0.702122
0.743993
0.776101
0.748294
0.748291
0.705131
0.740684
0.783446
0.739421
0.725743
0.740758
0.756947
0.713579
0.76239
0.725568
0.75671
0.761312
0.721277
0.737008
0.750117
0.762089
0.736682
0.781789
0.745734
0.740656
0.744275
0.781937
0.729669
0.765029
0.74637
0.721265
0.766921
0.760529
0.731154
0.737472
0.737646
0.767115
0.776789
0.734842
0.654849
0.743814
0.73547
0.739675
0.725317
0.7616
0.733389
0.725996
0.757347
0.772432
0.731716
0.785328
0.761498
0.705901
0.760084
0.774731
0.776812
0.775865
0.771628
0.715399
0.773194
0.738945
0.737424
0.733779
0.73123
0.743907
0.764603
0.790655
0.772265
0.754414
0.754968
0.754509
0.744421
0.752262
0.742015
0.73635
0.736703
0.782961
0.766075
0.783415
0.749198
0.738656
0.762516
0.74791
0.776288
0.789742
0.727298
0.755112
0.737029
0.757796
0.735347
0.738628
0.749551
0.734632
0.71918
0.761734
0.752837
0.757654
0.737142
0.752307
0.769657
0.716034
0.753963
0.79566
0.765937
0.741098
0.761426
0.770694
0.757703
0.741425
0.754208
0.715147
0.766676
0.732831
0.801397
0.720391
0.747093
0.757226
0.764384
0.76188
0.733185
0.719878
0.714086
0.729175
0.682794
0.731032
0.755295
0.765845
0.747973
0.749644
0.774078
0.733576
0.758419
0.752622
0.716736
0.7507
0.75336
0.722384
0.750809
0.746488
0.735607
0.732874
0.772891
0.768355
0.739674
0.753168
0.746261
0.723079
0.735886
0.749953
0.700199
0.720375
0.764032
0.778886
0.749585
0.756042
0.732862
0.739858
0.729106
0.744234
0.736803
0.758132
0.741163
0.742748
0.771696
0.78521
0.736492
0.753371
0.732006
0.724979
0.779436
0.758467
0.750157
0.762708
0.772514
0.743608
0.758763
0.757773
0.744136
0.695075
0.767526
0.751062
0.743413
0.775384
0.721359
0.73144
0.727683
0.722137
0.728237
0.779663
0.761629
0.759554
0.737082
0.747246
0.74594
0.766989
0.745539
0.740358
0.747026
0.765917
0.73385
0.736807
0.795107
0.777108
0.716655
0.736215
0.750857
0.789617
0.762099
0.748485
0.743072
0.744814
0.726978
0.739253
0.752259
0.757475
0.767182
0.751365
0.789991
0.778257
0.779164
0.758432
0.747981
0.687422
0.762053
0.688773
0.768659
0.733849
0.740959
0.762186
0.736864
0.758245
0.739882
0.758293
0.742906
0.728353
0.750703
0.780276
0.74528
0.745645
0.76098
0.760972
0.746266
0.732845
0.716738
0.773533
0.731356
0.756009
0.768403
0.75641
0.758412
0.755671
0.770493
0.75124
0.756805
0.738083
0.721434
0.740935
0.733083
0.769292
0.747115
0.746186
0.744829
0.705302
0.720635
0.746428
0.714247
0.729528
0.743767
0.744804
0.762213
0.784471
0.752007
0.74032
0.736419
0.759519
0.730221
0.773858
0.760791
0.759863
0.73898
0.763694
0.751611
0.769082
0.77616
0.721314
0.749695
0.760161
0.751571
0.717442
0.757004
0.791548
0.766703
0.768392
0.753303
0.744462
0.768784
0.737365
0.75664
0.715535
0.786392
0.73701
0.758005
0.745468
0.754211
0.733179
0.753771
0.777331
0.762177
0.732635
0.734798
0.771298
0.73205
0.738597
0.713603
0.743492
0.78069
0.725244
0.787726
0.748507
0.737592
0.781769
0.724264
0.686433
0.763147
0.756952
0.731373
0.739071
0.679571
0.782889
0.750408
0.712726
0.731732
0.770657
0.75483
0.721195
0.754072
0.76432
0.776488
0.747481
0.714539
0.748762
0.756383
0.745439
0.752856
0.752536
0.752978
0.76773
0.73572
0.736912
0.787307
0.692004
0.715308
0.765324
0.740544
0.771762
0.745413
0.731916
0.779623
0.770224
0.782139
0.781092
0.762298
0.730684
0.747056
0.74252
0.756671
0.700347
0.730208
0.768833
0.740538
0.764398
0.777477
0.732377
0.780091
0.756244
0.739391
0.776563
0.748403
0.707907
0.732753
0.737056
0.76259
0.717358
0.768777
0.735083
0.725883
0.766265
0.766722
0.761995
0.74048
0.7581
0.790036
0.746531
0.75042
0.741468
0.717576
0.744207
0.741223
0.720135
0.753142
0.762203
0.738217
0.775234
0.738401
0.754598
0.756554
0.768047
0.756615
0.735593
0.715368
0.780093
0.772556
0.775128
0.758711
0.734706
0.763552
0.75268
0.729546
0.737187
0.732204
0.754898
0.730901
0.775821
0.74329
0.755756
0.752207
0.759156
0.776971
0.764158
0.719372
0.75175
0.704641
0.698145
0.741605
0.768871
0.752597
0.765668
0.78417
0.715658
0.768064
0.769582
0.747354
0.740715
0.769812
0.681252
0.74716
0.717727
0.762041
0.731102
0.723835
0.746402
0.717752
0.770146
0.738332
0.727775
0.722012
0.759867
0.740159
0.759311
0.771139
0.746835
0.71758
0.727731
0.714783
0.734419
0.7313
0.739191
0.731907
0.729669
0.756647
0.741336
0.762469
0.725854
0.772558
0.752515
0.746526
0.76523
0.736459
0.750097
0.76667
0.727809
0.730531
0.766967
0.731609
0.707661
0.690184
0.734687
0.785334
0.773012
0.737982
0.700506
0.729881
0.760812
0.756569
0.726042
0.752226
0.73469
0.745027
0.758552
0.736101
0.764993
0.743748
0.727646
0.744915
0.70824
0.751591
0.711626
0.751884
0.716412
0.768496
0.785754
0.740808
0.724864
0.76245
0.740599
0.756091
0.786902
0.725987
0.760298
0.747832
0.742162
0.719661
0.773171
0.735145
0.723432
0.750464
0.755697
0.788728
0.744044
0.758628
0.748255
0.74808
0.761791
0.743005
0.750474
0.706611
0.748308
0.766214
0.74817
0.725271
0.753257
0.763485
0.698021
0.723459
0.747409
0.783876
0.7274
0.748379
0.740118
0.76778
0.748293
0.726059
0.77004
0.750268
0.707615
0.71065
0.739729
0.741589
0.759287
0.75879
0.748684
0.744125
0.744026
0.771533
0.736358
0.745746
0.759744
0.73413
0.727572
0.794356
0.779975
0.769927
0.779971
0.736705
0.750477
0.734325
0.75085
0.733247
0.765983
0.765296
0.7738
0.711334
0.770264
0.753161
0.755461
0.752969
0.748587
0.745403
0.743365
0.746048
0.792149
0.76033
0.788706
0.775994
0.756035
0.739103
0.756856
0.768659
0.725581
0.713429
0.762396
0.774908
0.729531
0.786706
0.735082
0.749419
0.722569
0.774452
0.734376
0.730977
0.721343
0.731361
0.709053
0.761439
0.758334
0.775223
0.7257
0.693084
0.781184
0.741075
0.748962
0.733104
0.787219
0.707546
0.753728
0.73478
0.771942
0.771721
0.720022
0.711488
0.751656
0.76339
0.741686
0.739442
0.778399
0.73072
0.762191
0.747622
0.751862
0.755322
0.748307
0.740378
0.77416
0.737292
0.761495
0.783358
0.748811
0.722859
0.778697
0.747004
0.710258
0.691259
0.759012
0.718929
0.721267
0.749961
0.755286
0.76871
0.778965
0.723487
0.772868
0.753514
0.762086
0.757582
0.769082
0.740836
0.740377
0.715232
0.757197
0.789795
0.789872
0.720036
0.770302
0.781049
0.699997
0.754386
0.748621
0.769083
0.745159
0.761781
0.74601
0.746969
0.77443
0.754641
0.700685
0.744606
0.752854
0.781143
0.77722
0.775284
0.742563
0.769235
0.77112
0.779518
0.728694
0.745548
0.799234
0.760741
0.758074
0.729496
0.747274
0.770832
0.727635
0.760303
0.747819
0.753987
0.757361
0.722268
0.748766
0.760506
0.740057
0.781682
0.770226
0.748738
0.745759
0.765454
0.779762
0.751037
0.728095
0.746586
0.739426
0.741658
0.772494
0.683157
0.720032
0.753626
0.765902
0.745159
0.756452
0.763019
0.741648
0.75792
0.761448
0.752337
0.743064
0.735905
0.702791
0.725444
0.71778
0.733561
0.74492
0.711204
0.770736
0.76509
0.748489
0.745453
0.765268
0.755936
0.763206
0.759467
0.726737
0.758811
0.723192
0.768068
0.762897
0.738831
0.75986
0.74553
0.766951
0.725263
0.763423
0.743397
0.762077
0.729706
0.760261
0.749049
0.734148
0.71891
0.73594
0.750135
0.747255
0.762576
0.688457
0.741345
0.733383
0.744243
0.758422
0.754971
0.715801
0.736762
0.739123
0.739123
0.751874
0.745368
0.784199
0.781407
0.736473
0.762635
0.736055
0.700082
0.726648
0.780643
0.754055
0.749017
0.706271
0.730236
0.773428
0.736315
0.728197
0.752672
0.751829
0.746146
0.761838
0.748569
0.744875
0.752445
0.740592
0.746176
0.756798
0.714334
0.781263
0.739922
0.71405
0.742339
0.743806
0.717725
0.775101
0.778193
0.754449
0.750119
0.763657
0.729134
0.687135
0.727627
0.736678
0.752518
0.742033
0.76379
0.743284
0.759456
0.716742
0.762789
0.736342
0.733957
0.745817
0.734455
0.737482
0.754334
0.778965
0.75437
0.754608
0.763968
0.740224
0.735288
0.773736
0.741573
0.773909
0.775831
0.734461
0.735133
0.731922
0.731512
0.741686
0.697929
0.760536
0.748685
0.696069
0.745336
0.731121
0.709955
0.787499
0.779318
0.791118
0.73442
0.755601
0.735964
0.701828
0.766697
0.791914
0.7266
0.782388
0.753677
0.709269
0.765204
0.708325
0.72455
0.722054
0.748109
0.760015
0.760861
0.783778
0.751267
0.726153
0.796928
0.773874
0.773617
0.720166
0.751048
0.741234
0.735691
0.74431
0.792056
0.756461
0.737588
0.760055
0.752312
0.747588
0.746594
0.727542
0.6965
0.736773
0.752051
0.785616
0.700066
0.698392
0.78596
0.782341
0.735515
0.731975
0.73586
0.777307
0.731289
0.735241
0.765902
0.714624
0.76561
0.789356
0.726033
0.754641
0.712732
0.767183
0.737618
0.736074
0.770048
0.750801
0.708091
0.761316
0.741835
0.759624
0.764851
0.733031
0.751406
0.752892
0.742192
0.759289
0.728925
0.719794
0.73885
0.76025
0.746529
0.729482
0.730322
0.767525
0.738797
0.747281
0.77787
0.741092
0.727816
0.725403
0.746969
0.767107
0.749945
0.752666
0.707222
0.754938
0.746584
0.769813
0.762595
0.721882
0.728497
0.758667
0.719879
0.719965
0.753156
0.700593
0.75057
0.756519
0.762884
0.774032
0.743731
0.733932
0.740917
0.753394
0.747934
0.732481
0.727955
0.723454
0.765933
0.771956
0.744067
0.77196
0.774583
0.706033
0.769588
0.698906
0.772803
0.783758
0.718619
0.738153
0.664899
0.736056
0.744195
0.76211
0.748001
0.738371
0.755649
0.752399
0.776486
0.760147
0.77247
0.766714
0.730835
0.759736
0.711928
0.751625
0.784103
0.766707
0.751261
0.717378
0.723244
0.769329
0.710333
0.734959
0.753648
0.768107
0.771831
0.739188
0.774377
0.745902
0.741649
0.719133
0.731721
0.776303
0.725754
0.721657
0.718944
0.766295
0.765196
0.737931
0.792251
0.717059
0.707105
0.749401
0.729482
0.767063
0.749103
0.772741
0.736788
0.760514
0.772911
0.727513
0.765685
0.787471
0.751766
0.761572
0.753665
0.717333
0.789104
0.758896
0.698076
0.784905
0.716577
0.788491
0.778607
0.751461
0.754245
0.742501
0.749335
0.784888
0.769186
0.747901
0.751548
0.760115
0.705476
0.779244
0.737743
0.765982
0.694244
0.764635
0.754229
0.74375
0.751024
0.754869
0.769103
0.749083
0.740112
0.763165
0.755906
0.705021
0.777175
0.723792
0.754896
0.762534
0.738286
0.70019
0.737858
0.74243
0.780439
0.765364
0.764827
0.754254
0.736598
0.750499
0.781174
0.731299
0.732825
0.722227
0.723312
0.761004
0.733146
0.728706
0.772373
0.753022
0.723117
0.745318
0.749957
0.786074
0.787244
0.738505
0.784887
0.757566
0.769134
0.731223
0.742026
0.723762
0.750378
0.73544
0.770486
0.774883
0.759026
0.754864
0.756049
0.759994
0.773484
0.759524
0.74928
0.765254
0.739749
0.7689
0.762871
0.72403
0.757024
0.74727
0.742359
0.75316
0.733904
0.754949
0.684035
0.735749
0.757055
0.756825
0.7569
0.785061
0.758446
0.736453
0.755821
0.753302
0.746556
0.711361
0.768819
0.763069
0.741039
0.738077
0.748911
0.742805
0.784374
0.772751
0.741061
0.717408
0.737509
0.735551
0.756324
0.758776
0.71567
0.736259
0.694642
0.78326
0.708817
0.72747
0.725164
0.748233
0.734503
0.716901
0.769617
0.764607
0.76095
0.734985
0.748616
0.78582
0.739591
0.768316
0.778978
0.78001
0.717821
0.753625
0.751651
0.769861
0.723571
0.749157
0.737282
0.744936
0.75332
0.753573
0.743899
0.70372
0.708352
0.762674
0.729532
0.762982
0.713593
0.705808
0.773721
0.72118
0.737379
0.759895
0.726283
0.757168
0.788597
0.77042
0.754188
0.770301
0.767406
0.763979
0.769417
0.745719
0.723207
0.786844
0.771583
0.721137
0.727159
0.764159
0.732229
0.740477
0.752636
0.728656
0.770439
0.770185
0.742806
0.735437
0.741726
0.761717
0.748758
0.738078
0.767
0.764701
0.758461
0.7537
0.73768
0.759894
0.76318
0.738998
0.744677
0.736622
0.72015
0.785461
0.769879
0.745437
0.713222
0.74006
0.760384
0.75758
0.776018
0.725796
0.759903
0.760746
0.781454
0.745451
0.669273
0.724589
0.76636
0.777923
0.757415
0.720218
0.767732
0.724547
0.762441
0.733703
0.755549
0.750988
0.713669
0.754734
0.746688
0.734427
0.734924
0.71703
0.706603
0.733526
0.75534
0.73393
0.713851
0.774805
0.71241
0.788226
0.715649
0.735286
0.743412
0.753154
0.749356
0.772886
0.761973
0.736647
0.759179
0.722063
0.770506
0.742479
0.769781
0.746978
0.781334
0.756548
0.775042
0.616447
0.725867
0.774959
0.760608
0.744571
0.724027
0.753313
0.754111
0.71726
0.751728
0.71319
0.770073
0.788834
0.729686
0.776584
0.764279
0.755724
0.753381
0.750604
0.759243
0.734736
0.75137
0.796021
0.736683
0.757316
0.709039
0.734077
0.717405
0.737124
0.742156
0.739223
0.732368
0.772821
0.754376
0.755729
0.749611
0.71895
0.744489
0.766012
0.756634
0.728338
0.741812
0.746104
0.744919
0.775343
0.744095
0.753759
0.740937
0.765871
0.729779
0.788384
0.713869
0.737513
0.783801
0.727953
0.779283
0.785205
0.728872
0.77017
0.760393
0.767087
0.775026
0.75817
0.803631
0.764248
0.777232
0.763199
0.703863
0.771765
0.778816
0.758049
0.74665
0.792578
0.794541
0.749848
0.718531
0.772502
0.751345
0.742142
0.742288
0.718747
0.77568
0.75617
0.766135
0.756848
0.775236
0.718886
0.708153
0.749039
0.711544
0.710791
0.771736
0.751885
0.742017
0.766005
0.734314
0.712631
0.752956
0.715094
0.758295
0.724203
0.763103
0.73018
0.740249
0.698572
0.703346
0.780729
0.728159
0.737708
0.74207
0.781641
0.736088
0.761341
0.769651
0.71948
0.774491
0.73203
0.736626
0.755979
0.739167
0.731769
0.709521
0.737038
0.744111
0.741942
0.770867
0.746654
0.762223
0.762662
0.767265
0.752396
0.751126
0.767616
0.748409
0.754688
0.729192
0.782842
0.748794
0.742503
0.749369
0.751603
0.705575
0.806034
0.728768
0.775439
0.77718
0.753133
0.748079
0.783325
0.774135
0.758635
0.729917
0.752779
0.783208
0.753114
0.690774
0.739395
0.761428
0.760855
0.736246
0.759755
0.759261
0.752178
0.729832
0.778412
0.766335
0.731118
0.701041
0.729459
0.753576
0.753582
0.731115
0.701296
0.721013
0.740827
0.743123
0.746404
0.776379
0.748724
0.758954
0.735187
0.732846
0.756302
0.725647
0.786231
0.757334
0.772295
0.752513
0.738214
0.712355
0.732457
0.744548
0.766224
0.748405
0.749092
0.730434
0.765246
0.739568
0.775837
0.709014
0.693258
0.731222
0.759752
0.747222
0.720906
0.773
0.761403
0.798031
0.746344
0.762038
0.733018
0.757894
0.757254
0.760133
0.738968
0.729653
0.740555
0.730491
0.770989
0.767153
0.741685
0.705779
0.7265
0.748802
0.775833
0.73753
0.73986
0.722938
0.784784
0.76268
0.753457
0.755867
0.718735
0.690065
0.736078
0.725764
0.74361
0.776268
0.703215
0.743566
0.736225
0.740634
0.763747
0.741301
0.762568
0.733584
0.751011
0.71541
0.750478
0.779208
0.698591
0.724025
0.77058
0.7349
0.757964
0.759814
0.741102
0.745439
0.739436
0.773294
0.772573
0.702514
0.733604
0.734982
0.753099
0.766169
0.759104
0.73984
0.724385
0.733803
0.737488
0.754856
0.719401
0.699893
0.700493
0.775403
0.704177
0.770008
0.766497
0.748465
0.768015
0.723399
0.746636
0.754225
0.719574
0.747563
0.750139
0.772129
0.734372
0.76063
0.745979
0.740917
0.788205
0.739903
0.705581
0.756584
0.726099
0.724114
0.736635
0.757413
0.740093
0.712453
0.7101
0.775283
0.753622
0.728169
0.772356
0.74679
0.772864
0.764591
0.755443
0.743079
0.768152
0.755916
0.744337
0.746685
0.740488
0.716687
0.756804
0.768033
0.764722
0.729636
0.762754
0.771362
0.738598
0.72249
0.7651
0.704155
0.738079
0.726437
0.770455
0.77965
0.726294
0.758567
0.714078
0.757713
0.769083
0.714971
0.747738
0.697638
0.721276
0.764375
0.739989
0.769767
0.746769
0.735888
0.752568
0.753222
0.783833
0.75104
0.790794
0.791269
0.762531
0.752876
0.72773
0.757879
0.705234
0.747187
0.696193
0.745893
0.754723
0.787291
0.76084
0.767601
0.775267
0.742674
0.757155
0.750532
0.716579
0.737801
0.747443
0.763098
0.763739
0.771882
0.794712
0.753452
0.707731
0.739751
0.739529
0.730944
0.750128
0.730541
0.71971
0.755252
0.765893
0.770444
0.755362
0.720055
0.762129
0.759029
0.775708
0.788833
0.7027
0.718238
0.6829
0.727514
0.767605
0.790058
0.760623
0.71953
0.749661
0.76359
0.753533
0.778124
0.753683
0.794497
0.766532
0.759223
0.754337
0.757481
0.738865
0.744632
0.742121
0.74245
0.74421
0.747591
0.77196
0.737206
0.774433
0.735226
0.722922
0.772509
0.75649
0.73361
0.705573
0.738208
0.741091
0.737704
0.733681
0.770725
0.746678
0.729824
0.74806
0.727566
0.727448
0.774021
0.778626
0.724467
0.739533
0.727087
0.748846
0.742056
0.720894
0.746634
0.754893
0.751642
0.775275
0.752175
0.753535
0.752373
0.679878
0.741187
0.748409
0.751957
0.790909
0.740114
0.753775
0.77523
0.769077
0.762247
0.769342
0.757797
0.7677
0.754752
0.75858
0.718655
0.723931
0.744215
0.732246
0.72821
0.748332
0.773529
0.727005
0.755811
0.796734
0.767635
0.73444
0.743751
0.759329
0.76288
0.763083
0.751745
0.778745
0.743276
0.766464
0.754831
0.786871
0.752817
0.744681
0.754279
0.732395
0.777112
0.711802
0.753472
0.736513
0.763434
0.7509
0.762572
0.769941
0.728542
0.703784
0.75771
0.754772
0.741802
0.755415
0.716746
0.736905
0.746251
0.759392
0.758687
0.749037
0.73088
0.744663
0.701851
0.767316
0.754527
0.731741
0.750124
0.740567
0.714988
0.787714
0.738862
0.776771
0.747276
0.768034
0.727317
0.771142
0.77788
0.772412
0.744657
0.724065
0.766697
0.740202
0.733134
0.768277
0.788173
0.754125
0.774743
0.73522
0.734734
0.738492
0.744602
0.726233
0.737228
0.701441
0.73825
0.72686
0.761813
0.739731
0.786753
0.761813
0.675354
0.714358
0.748825
0.758641
0.790808
0.761119
0.7806
0.765592
0.759556
0.76392
0.759893
0.718889
0.759536
0.740784
0.712797
0.759683
0.724806
0.79601
0.715024
0.722892
0.721393
0.736421
0.768661
0.763633
0.72984
0.752956
0.744488
0.748029
0.730158
0.759059
0.750437
