0 0.01 0
10 0.009276 0.140394
20 0.00860317 0.315264
30 0.00797793 0.531329
40 0.00739691 0.796547
50 0.006857 1.12034
60 0.0063553 1.51387
70 0.00588913 1.99037
80 0.00545597 2.56552
90 0.00505349 3.25795
100 0.00467953 4.08974
110 0.00433207 5.0872
120 0.00400923 6.28161
130 0.00370928 7.71025
140 0.0034306 9.41765
150 0.00317169 11.457
160 0.00293113 13.8922
170 0.00270764 16.7996
180 0.00250001 20.2715
190 0.00230711 24.4189
200 0.0021279 29.3763
210 0.00196142 35.3069
220 0.00180675 42.4094
230 0.00166306 50.9264
240 0.00152958 61.1559
250 0.00140559 73.465
260 0.0012904 88.3086
270 0.00118339 106.253
280 0.001084 128.006
290 0.000991667 154.463
300 0.000905902 186.757
310 0.000826239 226.34
320 0.000752244 275.084
330 0.000683517 335.427
340 0.000619683 410.579
350 0.000560397 504.817
360 0.000505335 623.909
370 0.0004542 775.761
380 0.000406712 971.383
390 0.000362614 1226.41
400 0.000321665 1563.52
410 0.000283642 2016.51
420 0.000248339 2637.16
430 0.000215562 3507.75
440 0.000185134 4764.58
450 0.000156886 6645.51
460 0.000130666 9593.22
470 0.00010633 14503.4
480 8.37444e-05 23402.8
490 6.27853e-05 41664.8
500 4.33378e-05 87493.6
510 2.52949e-05 256915
520 8.55741e-06 2.24515e+06
530 -6.96707e-06 3.38716e+06
540 -2.13643e-05 360166
550 -3.47139e-05 136382
560 -4.70899e-05 74085.8
570 -5.85612e-05 47879.2
580 -6.91916e-05 34275.7
590 -7.90405e-05 26246.7
600 -8.81632e-05 21078.4
610 -9.66109e-05 17537.1
620 -0.000104431 14993.7
630 -0.000111668 13098.8
640 -0.000118364 11645.2
650 -0.000124555 10503.1
660 -0.000130279 9587.91
670 -0.000135567 8842.27
680 -0.000140451 8226.16
690 -0.000144959 7710.93
700 -0.000149117 7275.56
710 -0.000152951 6904.34
720 -0.000156482 6585.33
730 -0.000159733 6309.28
740 -0.000162723 6068.98
750 -0.00016547 5858.67
760 -0.000167992 5673.75
770 -0.000170304 5510.48
780 -0.000172421 5365.81
790 -0.000174357 5237.21
800 -0.000176124 5122.57
810 -0.000177734 5020.14
820 -0.000179199 4928.43
830 -0.000180529 4846.16
840 -0.000181732 4772.27
850 -0.000182818 4705.82
860 -0.000183795 4646.02
870 -0.000184671 4592.16
880 -0.000185453 4543.64
890 -0.000186147 4499.93
900 -0.000186759 4460.56
910 -0.000187296 4425.12
920 -0.000187762 4393.25
930 -0.000188162 4364.62
940 -0.000188502 4338.95
950 -0.000188784 4315.98
960 -0.000189014 4295.47
970 -0.000189195 4277.23
980 -0.00018933 4261.06
990 -0.000189422 4246.79
1000 -0.000189475 4234.29
1010 -0.00018949 4223.4
1020 -0.000189472 4214
1030 -0.000189421 4205.98
1040 -0.000189341 4199.24
1050 -0.000189233 4193.68
1060 -0.000189099 4189.22
1070 -0.000188941 4185.78
1080 -0.000188761 4183.28
1090 -0.00018856 4181.66
1100 -0.000188339 4180.87
1110 -0.000188101 4180.83
1120 -0.000187845 4181.51
1130 -0.000187574 4182.85
1140 -0.000187289 4184.82
1150 -0.000186989 4187.37
1160 -0.000186677 4190.46
1170 -0.000186353 4194.06
1180 -0.000186018 4198.15
1190 -0.000185673 4202.69
1200 -0.000185318 4207.65
1210 -0.000184954 4213
1220 -0.000184582 4218.74
1230 -0.000184202 4224.83
1240 -0.000183815 4231.26
1250 -0.00018342 4238
1260 -0.00018302 4245.04
1270 -0.000182613 4252.37
1280 -0.000182201 4259.96
1290 -0.000181784 4267.81
1300 -0.000181362 4275.91
1310 -0.000180936 4284.24
1320 -0.000180505 4292.79
1330 -0.00018007 4301.55
1340 -0.000179632 4310.51
1350 -0.00017919 4319.66
1360 -0.000178745 4329
1370 -0.000178297 4338.52
1380 -0.000177846 4348.21
1390 -0.000177392 4358.06
1400 -0.000176936 4368.08
1410 -0.000176478 4378.24
1420 -0.000176017 4388.55
1430 -0.000175554 4399.01
1440 -0.00017509 4409.61
1450 -0.000174623 4420.34
1460 -0.000174155 4431.2
1470 -0.000173686 4442.19
1480 -0.000173215 4453.3
1490 -0.000172742 4464.54
1500 -0.000172268 4475.89
1510 -0.000171793 4487.36
1520 -0.000171317 4498.95
1530 -0.00017084 4510.65
1540 -0.000170362 4522.45
1550 -0.000169883 4534.37
1560 -0.000169403 4546.39
1570 -0.000168922 4558.52
1580 -0.00016844 4570.75
1590 -0.000167958 4583.08
1600 -0.000167475 4595.52
1610 -0.000166991 4608.05
1620 -0.000166507 4620.69
1630 -0.000166022 4633.42
1640 -0.000165537 4646.25
1650 -0.000165051 4659.18
1660 -0.000164565 4672.21
1670 -0.000164078 4685.33
1680 -0.000163591 4698.55
1690 -0.000163104 4711.86
1700 -0.000162616 4725.27
1710 -0.000162128 4738.78
1720 -0.00016164 4752.38
1730 -0.000161152 4766.07
1740 -0.000160663 4779.86
1750 -0.000160174 4793.74
1760 -0.000159685 4807.72
1770 -0.000159196 4821.79
1780 -0.000158706 4835.96
1790 -0.000158217 4850.22
1800 -0.000157727 4864.58
1810 -0.000157237 4879.03
1820 -0.000156747 4893.58
1830 -0.000156257 4908.22
1840 -0.000155767 4922.96
1850 -0.000155277 4937.79
1860 -0.000154787 4952.72
1870 -0.000154297 4967.75
1880 -0.000153807 4982.88
1890 -0.000153317 4998.1
1900 -0.000152827 5013.42
1910 -0.000152337 5028.84
1920 -0.000151848 5044.35
1930 -0.000151358 5059.97
1940 -0.000150868 5075.69
1950 -0.000150379 5091.5
1960 -0.000149889 5107.42
1970 -0.0001494 5123.43
1980 -0.000148911 5139.55
1990 -0.000148422 5155.77
